Multiple size <= 100
TEST 1 ARG:83 16 31 90 48 82 97 52 95 84 6 40 74 2 35 32 87 59 10 12 76 23 45 70 46 78 24 72 58 80 33 61 56 53 21 64 43 29 91 98 92 18 9 28 49 65 73 17 54 7 41 4 22 85 81 68 99 89 14 50 55 15 34 5 69 19 11 20 51 44 75 67 57 88 37 60 3 71 62 26 63 79 27 38 8 13 36 47 0 94 93 42 66 1 96 30 77 25 39 86
TEST 2 ARG:16 18 37 22 50 97 78 74 12 4 96 28 0 5 3 7 29 36 13 65 34 59 23 64 75 33 80 40 10 26 6 68 67 44 25 31 35 46 66 17 95 85 20 54 56 69 41 60 79 52 90 93 55 81 70 76 39 83 87 77 94 27 51 14 47 91 86 45 32 61 63 21 71 38 24 88 73 72 48 92 30 99 49 43 84 42 2 82 19 53 1 89 98 9 15 58 62 11 8 57
TEST 3 ARG:26 56 88 78 40 60 6 91 90 29 23 85 81 2 87 10 86 57 42 71 51 0 15 37 11 75 76 35 28 82 32 95 13 70 8 4 98 16 54 64 22 14 36 41 93 44 49 20 92 66 61 19 73 43 63 50 74 65 34 38 47 25 39 24 84 58 3 99 80 96 94 21 89 18 31 55 45 77 68 7 1 83 97 53 46 62 5 17 9 69 72 33 30 59 12 48 27 79 52 67
TEST 4 ARG:27 72 97 78 74 61 49 7 86 67 88 38 24 0 70 68 35 29 63 23 46 45 32 95 6 39 22 25 60 16 3 34 9 79 82 93 5 62 57 30 98 20 31 99 76 36 59 87 83 42 4 66 12 11 91 52 89 47 90 84 69 81 37 85 10 2 33 44 53 75 19 96 41 43 58 65 64 26 48 94 77 50 55 28 18 56 14 8 92 15 51 80 71 73 1 54 13 17 40 21
TEST 5 ARG:43 34 53 5 65 99 88 76 2 64 79 0 91 45 69 94 89 14 44 10 90 50 48 58 27 87 77 56 63 40 68 62 66 4 3 19 92 15 47 37 74 72 85 8 23 36 29 57 93 6 42 30 52 25 61 59 55 96 9 17 22 16 31 80 38 26 18 60 7 28 67 54 98 49 95 97 71 46 78 51 83 41 84 11 33 73 35 81 24 1 32 21 82 20 70 75 13 39 12 86
TEST 6 ARG:62 71 64 36 37 91 44 29 9 47 41 82 53 5 63 81 69 19 0 90 57 13 70 83 76 21 66 94 68 98 58 93 60 87 99 17 77 18 52 39 67 3 40 7 28 33 74 24 78 80 84 54 92 86 96 75 8 72 15 59 35 43 79 55 20 34 23 88 14 56 30 12 38 22 16 1 6 32 95 85 89 2 49 46 4 11 65 31 97 10 50 61 48 26 27 25 42 45 51 73
TEST 7 ARG:84 33 54 11 10 27 81 12 13 52 99 35 60 73 69 0 56 49 14 53 62 57 22 19 37 5 2 9 83 67 41 15 70 59 88 16 6 28 34 82 38 21 46 23 48 87 90 55 18 79 68 77 45 43 63 75 36 17 29 3 95 94 4 64 71 40 98 93 7 32 39 74 58 96 20 24 97 1 44 92 50 91 25 65 86 42 51 85 89 66 30 78 31 47 61 80 26 76 8 72
TEST 8 ARG:47 24 53 72 29 66 91 62 58 25 57 50 11 43 83 10 59 89 78 55 98 63 31 74 36 16 8 73 4 32 56 46 21 52 90 45 64 87 85 92 49 71 26 51 20 94 2 95 67 61 79 23 88 17 27 44 13 48 12 77 84 75 69 18 38 15 1 54 30 76 40 0 5 68 6 65 93 96 7 81 28 35 80 82 99 14 37 39 19 70 86 42 9 22 34 3 60 97 41 33
TEST 9 ARG:87 57 77 67 86 39 60 53 21 41 37 47 95 70 93 23 20 62 99 50 80 65 55 22 5 48 24 17 34 18 28 88 84 49 83 81 90 59 25 92 46 63 76 16 72 11 97 78 33 14 15 1 82 42 85 68 66 61 54 58 71 73 19 45 51 74 64 52 3 94 56 43 96 38 30 98 35 9 36 13 91 26 75 27 12 4 40 69 32 89 29 7 31 0 10 6 2 8 44 79
TEST 10 ARG:54 22 98 15 13 37 0 73 19 90 57 44 30 88 68 2 71 91 70 80 56 87 55 50 21 27 47 6 1 64 10 33 7 46 72 52 28 92 62 96 9 58 35 8 60 93 59 25 77 5 41 99 84 89 53 65 83 69 51 63 24 29 17 49 31 23 18 61 94 42 12 76 67 34 82 81 45 11 85 14 43 32 16 3 38 20 36 95 97 75 26 74 39 4 48 86 66 40 79 78
TEST 11 ARG:3 78 19 4 29 92 15 8 27 77 48 63 50 46 75 51 18 99 5 41 40 10 35 22 6 33 98 0 21 1 57 52 31 82 73 37 56 36 89 49 69 7 59 91 26 66 53 55 23 74 54 20 24 65 70 61 81 2 79 28 17 14 47 38 30 97 84 42 88 80 9 94 95 67 90 71 76 44 16 85 62 83 13 12 72 68 64 87 43 58 34 25 45 60 93 32 96 11 86 39
TEST 12 ARG:89 40 91 3 59 86 68 6 81 8 70 19 58 74 1 80 42 4 53 95 29 48 22 16 25 97 33 13 36 62 21 23 44 98 87 49 32 38 65 46 61 55 28 39 77 30 11 9 37 60 12 57 18 76 64 54 50 41 17 73 63 72 43 88 66 93 15 47 10 75 24 92 34 71 96 56 45 67 27 84 14 2 7 90 82 94 20 26 5 51 85 99 83 69 78 31 52 35 79 0
TEST 13 ARG:47 40 64 79 97 48 9 35 31 33 72 87 13 99 75 39 69 85 77 7 90 80 60 63 65 89 30 62 32 25 17 88 57 15 74 91 68 51 84 59 19 18 12 49 61 2 21 94 22 20 95 26 23 34 92 98 38 36 0 54 3 93 4 82 16 28 1 66 45 58 41 67 53 78 6 86 29 50 10 70 37 83 73 46 96 14 71 81 44 52 55 27 56 24 76 43 11 8 42 5
TEST 14 ARG:36 7 33 54 65 99 39 86 32 52 62 19 83 47 15 56 40 95 87 82 6 68 11 5 4 75 57 18 28 55 30 81 1 72 69 70 8 45 91 23 35 61 58 51 98 22 74 89 76 10 97 85 94 46 84 60 67 34 59 29 63 42 44 92 88 49 20 53 27 50 37 31 93 25 96 3 79 41 13 38 14 16 78 90 21 73 17 66 0 80 43 77 12 24 26 2 48 71 9 64
TEST 15 ARG:91 67 32 23 63 72 17 41 97 18 92 47 83 25 20 40 86 27 79 58 19 43 78 5 3 12 76 46 1 68 22 21 48 34 4 42 70 89 85 55 80 35 99 60 98 74 96 54 9 82 29 31 95 52 57 44 0 7 28 69 64 61 53 77 16 33 26 50 10 6 59 94 73 87 39 36 13 84 62 11 75 81 45 49 71 30 2 14 90 37 8 24 38 56 51 66 93 15 65 88
TEST 16 ARG:36 28 52 74 9 83 62 56 84 12 19 46 40 17 3 64 87 61 93 88 23 80 66 90 65 71 10 43 81 44 67 77 92 32 6 68 70 26 22 30 50 89 24 57 41 33 69 0 54 35 99 86 39 51 21 29 16 97 4 45 49 63 48 25 5 20 27 75 42 59 34 82 76 38 98 15 31 7 47 55 91 14 2 13 79 73 53 94 85 11 1 72 18 60 58 37 96 78 95 8
TEST 17 ARG:63 38 95 3 36 45 44 67 82 90 26 11 47 53 43 0 77 35 25 22 91 76 4 8 98 92 48 57 34 86 13 39 32 16 19 84 12 99 42 74 10 5 52 50 64 14 18 97 54 58 6 59 28 29 51 40 37 68 96 20 89 31 2 7 61 72 69 30 17 66 78 71 56 70 88 46 15 87 75 60 33 41 62 55 65 93 79 85 80 83 94 73 21 49 9 1 23 81 24 27
TEST 18 ARG:2 24 57 72 47 94 20 40 7 87 85 34 0 89 86 19 73 35 59 60 67 45 50 82 43 26 32 1 55 99 42 84 33 79 29 52 23 70 88 36 65 18 30 17 76 3 11 51 14 48 41 8 31 56 78 12 46 58 93 90 13 69 53 21 61 68 25 91 44 95 97 64 96 28 4 38 62 75 10 6 63 74 37 49 92 98 80 71 77 54 16 5 15 66 27 81 39 9 22 83
TEST 19 ARG:71 33 34 32 15 54 14 60 40 76 31 7 57 93 56 42 38 8 70 58 97 81 74 96 78 59 21 47 62 94 0 55 99 41 82 88 77 69 86 3 67 45 11 49 36 90 44 27 18 72 37 79 4 92 51 75 25 85 95 5 87 19 2 53 84 26 12 6 23 61 13 46 48 10 83 73 43 28 66 9 35 1 30 20 80 22 29 89 17 39 63 98 68 91 65 50 16 64 24 52
TEST 20 ARG:2 49 19 42 63 74 55 80 67 68 50 31 58 51 6 43 70 93 29 56 66 30 26 24 10 11 37 27 18 46 90 78 20 9 44 28 76 86 36 17 57 3 32 54 16 0 12 33 35 91 82 52 40 71 64 41 62 7 75 92 73 60 5 13 81 97 85 98 15 4 59 23 1 22 88 8 99 25 77 94 48 34 79 53 21 72 61 89 45 84 39 14 87 65 69 47 38 96 83 95
TEST 21 ARG:62 66 87 72 34 92 6 22 25 23 9 55 89 24 91 82 42 26 95 57 52 2 65 58 63 3 83 59 79 71 46 44 21 0 47 39 84 75 33 53 51 90 38 35 20 98 16 27 48 10 14 85 15 99 37 76 78 43 54 28 31 77 93 67 12 11 1 17 64 49 97 5 4 18 8 56 36 61 32 29 68 70 73 7 88 13 19 41 30 74 45 81 86 96 50 40 94 60 80 69
TEST 22 ARG:50 35 31 88 52 15 58 84 66 11 70 32 48 65 59 9 5 54 28 78 56 8 72 36 74 1 2 33 85 64 69 75 80 67 34 91 81 19 42 92 57 95 16 29 37 63 96 22 17 6 43 4 24 73 93 18 61 25 46 82 12 89 76 44 41 86 0 13 99 7 77 3 71 27 79 97 62 55 94 38 47 87 10 30 51 49 53 83 98 39 23 14 26 40 90 68 45 21 20 60
TEST 23 ARG:31 5 6 55 90 33 98 97 23 22 91 74 1 61 63 57 92 2 37 9 30 79 83 20 75 65 43 13 39 35 73 89 12 87 14 44 17 42 46 32 71 47 40 52 45 25 88 69 18 56 48 51 41 8 85 77 59 80 76 24 38 3 84 26 72 78 54 28 29 50 34 95 11 82 93 16 66 15 81 86 53 10 27 21 62 49 4 60 99 64 96 58 67 94 7 19 70 0 68 36
TEST 24 ARG:91 78 63 61 10 90 34 1 2 53 22 49 71 96 37 48 36 93 84 26 6 60 28 16 32 86 47 99 25 45 51 88 18 73 69 77 81 66 33 76 68 40 54 97 67 41 14 30 50 72 87 9 19 92 4 35 21 5 23 8 15 27 57 79 65 83 55 42 29 82 95 20 39 80 31 13 58 38 62 52 43 46 75 74 12 89 59 44 24 98 3 17 0 7 85 70 64 56 94 11
TEST 25 ARG:41 2 46 66 10 35 90 84 80 98 48 70 44 53 67 27 36 9 75 0 74 37 28 21 86 14 51 31 1 23 81 59 22 52 47 91 38 79 17 12 32 96 33 77 16 4 6 87 26 15 83 30 95 94 42 20 56 45 76 29 93 78 49 55 61 68 69 57 5 64 97 7 85 63 72 50 60 3 88 25 8 13 40 11 82 58 65 89 39 99 24 34 18 43 62 73 71 19 54 92
TEST 26 ARG:63 9 85 48 0 3 51 26 73 52 24 23 44 75 82 25 92 96 59 70 57 84 72 38 98 62 17 30 55 12 76 29 11 74 69 21 15 78 67 7 49 19 50 71 86 16 95 40 35 53 47 10 33 14 6 43 66 39 68 2 93 31 27 83 79 94 80 60 18 4 46 58 32 42 54 1 97 28 81 36 77 91 20 34 5 61 64 56 22 99 87 90 13 65 45 37 8 88 41 89
TEST 27 ARG:11 38 17 2 1 7 66 18 34 40 25 89 31 54 90 20 94 61 81 50 30 76 8 35 37 33 69 80 52 49 86 10 3 99 96 16 47 74 71 19 87 97 26 58 98 59 12 48 45 60 44 95 4 23 36 82 9 93 73 51 46 67 43 21 5 91 68 72 6 27 14 55 92 62 57 88 85 56 32 70 83 29 15 63 84 28 53 78 24 79 42 22 65 39 75 13 64 41 0 77
TEST 28 ARG:99 43 65 97 30 2 83 19 36 47 40 45 15 22 77 59 13 24 70 0 1 67 98 75 78 60 73 95 4 87 54 6 72 35 39 48 44 18 86 3 29 52 9 96 49 76 56 26 21 89 90 16 5 91 32 58 50 64 27 80 71 62 61 88 8 17 46 94 33 7 84 38 10 20 31 68 42 74 69 25 37 82 12 92 28 93 55 41 11 51 79 34 57 85 81 53 66 14 63 23
TEST 29 ARG:18 59 58 53 27 74 85 70 87 33 34 25 2 12 73 31 98 96 4 15 40 19 80 8 84 1 63 39 55 45 11 83 91 99 23 32 35 81 72 69 68 47 89 10 79 38 28 51 5 93 37 41 43 65 82 44 88 24 92 77 30 66 62 76 14 26 21 7 3 36 6 57 71 78 67 16 20 48 75 56 49 29 46 64 50 97 13 0 90 17 54 60 42 94 61 22 9 52 95 86
TEST 30 ARG:59 90 76 10 16 20 4 27 65 21 24 82 23 68 41 81 79 80 45 67 19 25 2 9 54 33 77 32 99 97 34 74 17 12 40 8 78 3 37 11 7 75 92 6 83 53 13 87 64 22 60 61 1 42 48 94 89 88 70 73 66 26 72 52 0 95 96 57 85 62 86 93 71 30 56 43 58 55 5 91 28 46 63 18 35 47 38 49 31 84 39 98 50 14 44 69 51 15 29 36
TEST 31 ARG:28 89 15 21 14 61 68 90 45 26 51 60 96 74 7 22 80 10 57 11 30 81 58 67 17 5 34 20 50 2 83 13 36 87 73 65 75 69 84 88 31 16 41 99 64 97 6 19 9 63 66 25 82 49 44 38 37 0 54 39 98 70 56 93 52 85 72 92 91 35 12 59 46 48 3 4 40 95 33 94 76 29 43 86 27 47 1 18 53 23 55 77 42 79 62 32 8 24 78 71
TEST 32 ARG:16 22 45 46 52 66 49 38 43 72 24 99 96 97 39 13 12 70 9 25 82 77 85 53 64 19 65 32 0 42 78 36 63 17 41 26 69 34 28 20 55 50 21 89 44 81 60 61 6 31 11 91 2 7 67 54 18 87 5 35 74 76 27 58 59 98 33 37 47 29 88 71 56 94 23 4 80 92 95 73 57 48 79 40 84 8 93 62 51 30 1 3 10 86 68 83 15 14 90 75
TEST 33 ARG:87 13 43 55 88 19 86 22 45 83 30 42 72 75 95 40 21 38 81 58 93 94 5 61 73 1 80 52 77 90 70 48 7 44 6 97 89 64 62 78 24 74 0 35 76 59 46 67 26 98 79 20 37 12 84 25 96 49 15 54 71 17 32 50 27 69 41 2 63 31 65 82 92 4 3 66 10 8 53 28 33 18 60 23 14 36 57 9 99 85 47 56 51 68 29 11 16 91 34 39
TEST 34 ARG:14 17 34 42 52 67 15 28 35 37 76 23 27 72 46 55 73 47 79 0 19 53 45 25 8 77 10 92 63 44 29 99 88 78 20 36 2 81 60 87 31 22 86 12 26 68 16 30 3 1 9 4 85 82 5 69 96 38 51 57 41 58 91 66 84 62 97 98 59 6 74 50 80 18 83 13 89 65 7 39 64 43 93 49 70 24 32 40 75 90 61 71 48 54 95 21 33 56 11 94
TEST 35 ARG:60 53 93 50 15 79 78 84 95 38 87 7 89 6 67 29 5 91 44 86 82 40 52 70 99 57 47 75 98 32 34 62 88 65 94 17 58 13 96 55 83 11 31 24 51 49 30 43 9 14 0 19 64 46 18 56 22 37 42 16 2 48 61 4 21 33 12 28 45 71 90 36 80 1 74 41 23 72 10 76 25 63 69 26 39 8 3 66 54 97 81 73 35 77 59 20 68 85 27 92
TEST 36 ARG:89 52 87 22 78 76 97 1 41 13 64 35 99 31 60 36 56 27 85 30 79 54 69 72 59 93 9 14 94 42 39 2 68 71 12 6 84 92 57 55 20 24 58 44 3 98 46 77 4 37 18 83 33 15 63 91 11 10 40 25 17 90 43 32 73 48 96 95 38 34 62 53 88 50 86 65 81 28 80 70 75 8 45 67 23 51 74 26 29 49 21 7 16 5 47 0 66 19 82 61
TEST 37 ARG:18 10 3 7 5 9 28 75 91 4 60 26 23 61 48 57 17 95 6 51 27 81 64 73 42 22 66 82 87 80 20 84 78 65 46 16 90 19 89 49 47 41 31 72 97 63 77 21 58 93 52 55 38 50 85 44 8 62 68 79 1 88 54 53 74 98 11 39 35 83 45 92 59 96 67 13 30 15 2 70 40 86 94 71 29 36 24 43 14 99 37 33 12 0 32 76 56 25 34 69
TEST 38 ARG:93 39 23 83 43 34 35 44 19 37 74 84 55 97 22 6 41 86 79 69 60 13 21 16 96 71 18 49 8 92 65 54 80 32 24 64 88 99 20 62 89 72 36 31 25 90 38 1 56 45 67 3 77 68 91 47 73 0 66 58 2 40 42 53 46 26 81 11 50 70 85 87 7 48 94 78 5 9 82 59 27 98 14 75 15 28 30 4 52 63 61 33 57 51 10 95 76 17 29 12
TEST 39 ARG:57 87 25 22 91 60 89 94 90 24 51 80 88 81 1 64 58 26 97 77 19 49 74 4 44 84 85 71 65 10 38 68 16 69 34 66 75 76 41 93 86 33 8 27 99 20 98 92 67 72 12 79 47 2 45 23 54 39 83 59 37 35 31 21 14 96 32 9 52 17 48 56 55 73 95 30 53 46 7 62 18 61 6 15 42 29 11 43 40 50 70 28 3 5 78 0 63 82 13 36
TEST 40 ARG:24 82 90 81 20 28 51 3 83 59 2 9 95 5 10 45 96 64 48 32 70 77 19 78 80 38 4 94 15 29 14 17 75 92 86 34 21 43 33 85 6 26 65 98 62 25 69 36 73 79 66 35 91 68 84 11 16 37 93 88 18 71 50 40 53 46 87 89 31 0 74 44 30 47 22 7 39 61 57 1 52 54 42 12 60 99 55 49 56 58 76 27 97 63 41 67 23 8 72 13
TEST 41 ARG:55 15 92 20 74 57 86 50 4 51 24 17 65 88 70 63 84 85 11 25 26 76 91 36 93 0 19 49 45 72 73 75 53 42 2 41 67 58 12 16 52 21 9 94 95 14 56 40 10 80 54 29 60 33 23 98 1 34 79 68 97 8 28 18 77 82 62 59 39 3 43 89 99 87 71 96 78 30 64 48 37 69 44 66 22 47 6 31 13 61 38 90 81 5 83 35 27 7 46 32
TEST 42 ARG:16 52 61 11 77 60 6 65 28 68 75 87 74 50 84 93 23 78 57 97 2 56 86 91 63 71 59 5 9 37 40 10 67 12 30 18 3 4 73 83 55 79 26 31 99 70 34 39 46 58 43 44 41 69 36 54 47 62 48 88 53 64 20 51 80 33 82 22 95 85 21 72 49 7 17 35 15 90 32 66 76 19 1 25 29 94 89 8 98 92 81 45 24 14 96 38 42 0 27 13
TEST 43 ARG:76 23 6 98 19 50 99 57 89 1 18 29 32 43 94 2 31 0 21 61 92 83 93 5 41 67 79 66 14 27 13 7 42 86 77 58 62 55 65 59 60 11 81 97 35 82 70 9 20 54 51 73 85 90 44 48 49 87 78 68 53 30 74 16 3 33 56 8 72 46 91 26 39 47 40 34 95 63 80 52 84 4 10 71 12 24 64 88 28 22 69 36 96 17 45 15 75 37 25 38
TEST 44 ARG:94 11 64 89 92 83 41 90 36 48 74 16 1 69 93 87 12 34 82 98 77 65 28 47 79 75 56 97 66 6 49 13 24 29 15 86 9 5 43 81 25 19 78 62 58 85 76 23 46 40 27 26 4 53 37 10 14 73 59 51 70 45 21 67 7 38 31 63 80 54 72 60 68 52 71 39 22 57 2 32 91 99 84 61 35 88 33 42 20 8 55 18 0 95 17 96 50 44 30 3
TEST 45 ARG:68 48 21 61 83 72 98 75 7 60 84 38 74 27 24 8 82 19 54 5 89 88 97 9 26 90 80 73 59 51 1 76 35 96 47 66 50 13 6 2 40 43 77 65 39 94 49 78 81 44 91 0 4 17 46 14 22 30 69 29 58 45 31 15 41 37 28 99 53 23 56 57 52 25 62 10 18 85 87 71 20 11 36 86 64 55 16 67 42 92 70 34 95 93 32 12 63 33 79 3
TEST 46 ARG:8 34 36 83 25 87 7 64 88 72 69 97 32 89 38 55 4 57 48 40 73 75 41 70 52 24 11 9 45 22 5 17 85 29 6 94 98 82 50 0 61 92 63 21 93 14 30 28 65 53 42 18 74 39 27 31 91 26 68 95 60 77 3 84 76 43 56 16 20 54 80 44 2 90 15 1 96 67 19 35 49 58 33 51 37 71 99 10 46 78 12 47 59 62 81 79 13 86 23 66
TEST 47 ARG:75 69 22 0 23 34 62 82 48 39 56 95 58 8 32 70 92 86 15 18 13 52 24 33 83 94 74 50 12 81 36 84 54 90 53 73 67 30 85 26 72 96 5 37 31 57 16 29 4 68 93 78 87 65 1 20 40 17 21 19 99 51 55 97 80 10 43 76 38 46 98 25 41 49 28 45 66 14 7 79 71 3 63 27 59 42 44 89 47 88 6 77 2 35 9 64 11 61 91 60
TEST 48 ARG:13 66 99 96 27 40 56 28 75 79 83 72 6 97 49 67 81 3 14 41 10 62 8 24 70 9 60 85 18 34 29 1 20 65 16 57 69 38 90 78 4 17 95 15 87 39 50 80 76 33 55 71 61 21 64 86 88 92 25 31 36 89 46 63 68 0 37 32 44 12 19 84 2 59 42 74 43 77 91 58 52 48 98 82 73 93 7 53 11 45 5 23 22 94 54 30 51 35 47 26
TEST 49 ARG:4 89 97 68 6 48 98 82 10 75 50 36 14 42 93 55 7 3 90 52 54 86 31 34 66 17 84 74 33 79 26 30 63 9 47 2 29 16 56 43 8 41 44 88 32 94 81 5 61 85 76 11 62 0 22 18 24 39 53 15 71 28 57 65 25 37 80 91 59 21 58 95 38 27 46 73 60 64 78 99 35 20 87 72 49 69 1 92 13 45 12 77 83 51 70 19 23 40 67 96
TEST 50 ARG:94 58 75 23 37 55 28 27 99 98 34 10 57 82 42 39 61 68 4 5 22 17 46 84 38 16 11 12 25 20 63 41 49 29 45 73 97 18 0 69 67 59 13 85 71 56 95 65 83 91 62 72 66 1 78 70 14 15 19 96 30 40 8 31 35 52 2 80 77 87 26 92 88 44 48 33 74 93 64 47 36 24 3 53 76 50 21 89 54 51 81 79 32 90 86 60 43 7 9 6
TEST 51 ARG:52 97 64 68 3 16 85 42 38 8 28 57 79 41 86 88 12 45 44 66 23 36 33 0 6 67 61 14 50 74 91 87 81 40 1 92 73 78 82 58 55 13 98 65 21 84 62 99 51 47 25 27 96 90 10 70 69 49 20 9 17 37 19 2 35 94 15 30 63 46 59 29 77 39 60 43 11 54 72 53 32 56 80 24 76 75 71 5 95 93 48 4 18 7 89 22 26 83 34 31
TEST 52 ARG:33 1 67 47 75 41 81 62 91 34 58 20 18 72 15 19 44 85 7 55 74 63 38 17 57 65 30 89 27 25 93 95 14 31 96 66 68 26 23 86 36 76 64 99 35 2 51 28 83 11 71 48 21 82 73 32 94 60 80 8 24 70 3 92 5 0 78 6 52 49 88 56 53 43 87 46 54 12 9 98 77 90 79 97 37 10 50 16 40 4 29 39 13 59 45 42 61 22 84 69
TEST 53 ARG:3 81 15 34 86 14 74 59 28 58 64 46 48 84 13 94 56 35 47 24 17 90 41 70 68 6 63 82 52 51 20 2 89 78 75 62 91 9 73 96 33 66 23 29 80 38 77 1 21 37 10 95 92 25 31 0 67 79 76 99 57 39 69 8 50 12 11 87 83 7 88 16 40 26 72 61 85 32 30 97 5 36 93 4 71 27 22 19 49 55 60 43 44 53 54 45 98 42 18 65
TEST 54 ARG:67 43 97 69 29 0 39 77 40 88 5 83 66 27 8 57 79 82 48 87 62 71 52 35 23 76 14 11 63 19 36 10 47 55 74 95 84 28 81 98 31 86 4 60 70 92 51 17 49 25 24 90 78 53 9 56 54 45 68 2 7 61 21 94 13 89 93 1 26 34 73 12 99 85 30 41 50 91 37 65 32 58 6 80 15 59 20 18 72 75 44 46 22 42 33 16 38 3 64 96
TEST 55 ARG:98 68 88 72 15 36 66 40 31 97 85 96 90 76 55 33 12 14 94 53 89 26 81 64 99 39 29 28 67 19 77 65 47 87 17 45 0 43 80 13 92 86 62 54 22 82 59 35 63 5 4 25 3 83 27 34 18 84 61 46 38 75 69 7 32 1 56 16 24 9 79 48 6 2 60 91 93 95 30 20 52 51 10 78 73 49 57 8 41 74 70 21 44 58 50 71 23 37 42 11
TEST 56 ARG:12 23 91 14 22 31 69 68 40 11 33 88 87 64 54 51 84 76 43 72 86 67 77 58 53 49 73 1 81 3 65 37 35 89 92 39 59 13 56 4 30 26 45 46 0 21 80 9 15 99 93 24 44 75 55 29 27 85 7 32 41 98 10 83 94 57 2 48 34 74 63 25 79 47 90 42 5 66 6 28 62 16 50 60 38 71 20 97 19 78 36 52 96 18 70 17 61 95 8 82
TEST 57 ARG:16 60 68 76 43 90 32 33 65 8 47 0 40 82 53 75 30 67 89 57 77 9 61 6 52 55 25 41 38 39 14 17 3 93 79 54 96 20 4 42 59 84 5 35 94 85 12 37 58 23 74 34 27 80 18 31 66 49 64 86 48 63 19 22 88 91 13 71 62 45 95 51 28 1 26 10 46 98 21 2 97 15 87 7 50 78 11 73 24 72 44 99 92 81 83 69 29 36 56 70
TEST 58 ARG:10 51 25 15 89 18 19 56 66 54 17 85 82 36 68 88 40 53 72 52 43 71 63 65 35 59 12 42 48 26 75 21 61 4 81 2 77 92 9 31 57 86 11 0 44 32 6 8 96 22 16 70 14 38 95 37 98 84 76 97 7 29 55 41 24 74 67 13 91 78 33 93 50 90 5 1 45 47 73 94 49 80 60 28 23 83 3 58 62 20 39 64 87 99 46 69 34 79 30 27
TEST 59 ARG:72 91 5 41 19 2 60 25 23 30 84 47 21 28 44 87 31 59 49 83 85 86 18 34 46 36 14 99 92 67 93 80 27 69 64 56 39 62 24 78 95 96 57 0 58 70 82 40 50 32 48 38 61 12 77 29 94 68 4 42 53 17 45 71 98 89 16 26 75 13 97 6 11 7 88 3 35 1 66 73 10 79 51 65 74 20 8 22 90 63 37 9 43 76 54 15 33 52 81 55
TEST 60 ARG:38 13 62 82 30 61 11 72 9 41 15 24 96 1 79 36 33 81 69 46 21 98 32 20 74 23 68 45 26 67 57 88 77 89 10 12 56 87 58 49 40 60 47 43 55 85 93 48 66 50 65 19 0 71 31 25 59 27 44 18 2 17 8 53 76 39 70 75 52 80 22 83 91 97 90 95 3 99 7 86 54 37 63 4 28 94 35 42 6 5 16 34 84 73 14 64 78 29 92 51
TEST 61 ARG:71 55 30 46 58 90 79 78 98 21 73 37 15 9 10 65 42 56 2 32 26 4 70 95 38 29 93 88 62 92 19 18 40 36 69 8 64 72 43 54 13 81 96 84 48 66 27 28 86 5 25 74 1 14 51 85 34 94 22 11 87 33 52 39 16 6 44 0 67 83 76 45 47 61 80 49 91 63 24 41 23 99 59 57 77 3 60 82 53 97 89 31 7 35 20 50 75 17 12 68
TEST 62 ARG:64 95 75 12 25 48 33 30 15 29 9 99 54 50 34 58 0 4 92 44 39 63 89 16 96 5 8 11 90 52 53 45 85 21 78 14 24 81 57 61 76 2 80 97 10 82 1 22 40 27 66 86 71 49 41 60 98 55 47 84 73 70 35 87 91 88 43 56 28 18 37 74 83 17 51 68 19 79 32 6 77 23 42 36 59 62 93 72 7 20 67 13 65 3 46 31 94 69 26 38
TEST 63 ARG:55 73 80 97 9 28 45 71 2 78 32 86 75 21 88 11 47 15 13 93 17 59 70 54 38 90 23 72 92 27 18 89 37 39 67 56 76 96 98 36 41 85 82 22 33 26 63 58 53 61 52 8 7 10 83 19 65 14 31 68 43 30 91 4 1 42 62 84 69 99 20 6 12 64 5 81 46 87 95 50 77 74 3 79 49 0 16 35 29 44 48 25 51 60 57 94 24 34 40 66
TEST 64 ARG:42 49 84 45 48 5 56 93 55 52 94 59 68 76 23 50 77 37 38 82 58 9 13 30 15 18 81 66 90 17 62 39 1 92 22 57 97 47 25 34 70 40 64 7 67 44 85 95 61 32 86 16 29 60 54 19 87 69 20 27 36 99 12 33 0 3 35 63 46 75 91 21 26 72 43 98 71 80 89 73 10 78 11 96 41 14 51 79 8 74 83 24 28 2 31 88 4 65 6 53
TEST 65 ARG:27 72 78 18 35 84 28 93 20 90 51 16 3 2 0 9 54 10 57 85 61 47 64 30 74 15 66 25 81 40 68 92 37 12 65 42 79 77 39 73 63 71 70 17 48 34 14 75 55 6 4 1 98 7 13 86 11 95 59 50 22 99 44 32 58 49 21 60 43 91 8 38 88 97 45 83 82 26 89 41 33 52 46 31 23 94 19 96 5 56 76 62 53 24 87 69 36 29 80 67
TEST 66 ARG:92 18 2 37 70 31 67 49 59 96 32 4 0 87 65 16 88 19 64 23 99 5 66 71 90 40 51 24 10 54 26 50 45 80 29 8 12 33 95 81 46 85 47 28 20 22 7 94 79 53 75 34 57 63 44 69 42 61 1 38 25 56 17 43 60 13 52 93 98 62 27 35 77 14 9 58 6 72 36 15 3 76 55 89 68 30 11 78 73 82 86 83 74 48 97 41 21 91 39 84
TEST 67 ARG:60 15 62 11 1 74 47 22 4 95 43 14 67 20 17 91 87 37 27 40 75 92 29 23 6 97 46 81 10 58 71 45 59 94 80 52 41 76 89 31 56 83 69 78 38 88 32 99 72 84 30 34 26 42 70 63 8 68 25 66 82 93 51 33 16 21 36 64 54 7 3 49 50 13 57 39 28 77 2 9 12 86 19 65 44 55 98 73 96 48 85 53 79 5 24 35 90 61 0 18
TEST 68 ARG:46 69 74 41 10 29 31 54 66 19 47 76 17 1 37 25 61 67 84 2 70 28 88 80 57 6 27 91 3 59 49 79 56 98 32 44 77 22 89 96 13 51 64 99 53 4 11 93 43 18 30 40 94 62 73 83 39 36 92 26 8 68 12 52 87 60 63 0 45 16 71 9 90 38 50 65 86 14 97 21 7 34 5 15 35 42 95 75 24 82 85 23 81 72 48 33 55 58 78 20
TEST 69 ARG:34 71 48 96 16 10 27 44 0 32 25 60 29 13 58 89 80 56 64 23 46 68 94 83 66 43 3 87 33 2 74 20 63 61 47 70 39 36 76 22 21 95 18 93 82 98 38 6 8 31 77 35 12 45 51 75 55 90 86 4 30 37 52 73 9 99 69 59 62 53 24 28 17 79 41 78 57 49 72 40 88 19 11 84 54 85 5 92 97 91 50 65 14 81 7 1 15 67 26 42
TEST 70 ARG:67 78 17 13 80 94 37 1 75 79 70 0 3 71 7 60 91 9 34 98 81 26 83 39 22 99 44 68 35 90 10 33 6 36 20 48 21 76 14 15 51 62 65 30 55 56 87 59 64 85 73 29 69 97 52 40 82 38 45 41 18 12 61 28 31 23 43 8 58 89 24 54 84 66 74 46 92 42 96 72 47 5 77 49 88 86 2 63 11 25 16 93 4 27 53 95 50 32 57 19
TEST 71 ARG:70 77 38 35 41 80 99 15 47 17 40 43 52 82 21 94 31 26 79 27 29 53 64 18 78 96 58 8 24 0 62 65 37 22 72 56 12 85 68 97 86 36 49 44 23 20 14 50 32 69 98 59 93 57 89 60 51 7 25 30 13 42 6 54 55 90 81 10 61 1 87 9 28 74 71 95 73 19 91 67 39 76 3 4 33 2 66 83 11 16 84 63 48 5 46 88 75 45 92 34
TEST 72 ARG:42 50 68 30 3 34 65 43 70 28 89 60 99 96 44 86 98 37 25 1 94 36 72 48 20 92 84 76 58 8 81 24 46 10 78 64 67 9 23 33 13 41 17 18 56 27 93 40 71 52 15 16 88 4 47 90 87 91 31 5 6 11 73 49 35 80 83 77 45 66 21 97 55 51 95 53 0 63 2 85 79 54 32 61 19 62 75 26 57 7 74 14 22 59 82 12 39 29 38 69
TEST 73 ARG:38 4 26 86 65 52 85 83 27 35 69 12 20 76 18 1 8 7 68 23 99 6 21 13 55 50 42 45 59 66 48 73 51 98 25 84 49 30 91 37 88 0 89 3 92 78 2 67 79 77 14 61 87 74 24 29 64 17 36 63 96 56 81 44 90 10 97 94 22 19 53 28 32 72 47 11 95 39 31 54 40 57 15 62 82 34 43 5 60 70 58 33 9 80 41 71 93 16 75 46
TEST 74 ARG:82 93 6 14 22 53 24 94 43 83 1 85 12 42 8 38 46 89 65 18 16 11 60 74 61 34 54 5 76 75 66 44 51 39 78 33 73 72 28 67 84 9 91 92 88 69 90 79 56 45 3 27 62 32 86 48 64 25 37 23 41 58 77 40 21 80 4 52 68 19 99 15 49 0 63 26 81 98 96 95 97 2 70 7 13 36 87 10 17 30 20 29 57 71 59 47 35 31 55 50
TEST 75 ARG:79 30 69 62 41 59 19 3 55 96 1 86 8 39 54 23 16 51 6 81 68 18 25 13 37 34 83 53 15 60 93 73 9 45 75 77 95 21 27 11 44 36 38 47 33 42 92 50 88 22 61 85 2 89 5 14 78 98 99 70 66 97 71 72 74 32 20 49 82 67 52 40 48 31 12 26 58 43 80 57 91 65 35 28 64 87 94 29 17 10 63 24 84 4 0 46 56 7 90 76
TEST 76 ARG:12 57 29 87 54 41 74 31 7 69 50 38 3 30 61 65 4 46 24 21 11 88 17 0 68 44 82 66 56 55 90 43 60 40 36 18 15 49 32 19 26 48 89 71 77 99 10 98 95 37 9 96 76 92 47 58 51 86 63 53 78 93 52 64 83 72 5 94 34 91 70 59 14 97 16 73 42 6 75 13 2 81 1 28 8 80 27 67 25 45 33 79 85 22 62 23 35 39 84 20
TEST 77 ARG:2 19 75 35 31 77 84 93 59 98 67 71 18 60 55 79 28 12 40 32 34 9 39 37 68 86 62 38 22 45 29 88 50 87 23 91 51 52 85 83 65 49 42 61 95 70 41 8 43 64 13 5 16 36 90 92 4 24 30 26 69 54 44 15 66 48 63 33 57 7 10 58 78 20 53 0 1 81 73 47 6 99 3 11 46 96 21 76 97 17 82 56 72 74 27 14 89 94 25 80
TEST 78 ARG:40 88 92 0 59 60 81 67 10 1 9 82 34 64 2 56 41 51 18 5 19 57 61 50 27 26 46 71 90 79 24 53 86 99 45 13 38 54 77 43 21 62 74 36 48 15 20 44 23 11 3 91 49 16 78 66 58 94 68 93 29 39 4 14 12 75 76 8 87 72 95 98 70 32 97 69 52 35 37 7 83 73 17 55 89 31 28 25 65 84 63 47 80 85 22 96 6 42 30 33
TEST 79 ARG:91 17 14 29 18 65 43 40 75 28 97 35 39 16 0 27 62 32 13 60 53 19 6 36 4 50 66 41 55 10 2 52 89 87 94 8 51 5 80 74 77 57 84 34 71 93 12 30 22 58 83 49 9 70 1 47 54 38 88 82 37 73 92 42 69 59 33 45 24 81 11 23 96 64 46 98 78 61 76 67 63 86 31 72 44 48 79 7 56 21 25 20 15 99 95 3 68 90 85 26
TEST 80 ARG:30 41 93 73 74 53 20 34 5 43 18 58 54 10 42 79 7 25 90 64 16 49 37 62 45 35 68 99 38 24 84 22 28 33 6 29 69 39 85 9 23 75 83 82 40 91 14 61 80 13 56 47 71 0 19 27 17 72 3 51 88 4 65 50 46 76 60 12 87 94 55 67 98 26 97 63 57 11 44 2 48 36 1 81 31 78 59 95 96 21 70 66 89 52 15 86 32 77 92 8
TEST 81 ARG:15 4 0 20 25 93 60 94 30 14 26 2 32 68 54 65 79 52 5 67 28 21 58 73 29 92 43 19 66 90 69 97 40 89 71 98 53 64 44 83 61 99 70 82 95 38 18 42 35 39 36 72 76 85 51 10 84 9 11 41 7 27 23 31 80 77 87 62 59 75 22 86 56 17 81 34 48 1 63 3 78 46 88 12 47 55 50 37 57 13 16 33 6 49 45 24 8 74 91 96
TEST 82 ARG:64 61 54 38 3 0 86 32 88 81 39 14 51 16 31 72 48 80 37 62 22 94 53 50 52 30 95 34 12 67 46 44 2 25 58 41 49 85 19 79 1 71 17 57 42 33 23 93 87 5 68 55 99 69 18 98 56 27 91 76 60 84 89 70 36 13 26 73 9 20 35 6 10 90 11 97 21 7 66 4 47 92 82 40 15 8 63 29 78 43 77 96 28 59 75 45 65 24 74 83
TEST 83 ARG:98 77 9 83 19 49 30 17 34 2 50 38 41 1 75 25 42 36 6 48 99 8 51 60 64 24 89 35 96 18 92 85 93 22 80 69 72 87 11 3 27 81 44 97 45 13 71 31 59 26 40 90 20 84 46 55 73 70 14 78 63 68 28 65 37 91 95 66 56 79 82 61 0 4 23 86 5 88 33 62 76 32 94 7 29 47 10 21 39 16 43 74 58 57 12 54 15 52 53 67
TEST 84 ARG:87 37 39 79 70 36 42 49 8 10 97 54 1 92 12 65 22 63 59 40 74 68 91 75 88 98 89 29 30 55 95 25 13 72 4 44 67 32 14 18 17 5 34 78 16 73 69 86 20 96 53 80 35 51 84 43 60 19 48 81 56 71 93 15 2 9 99 6 26 0 66 23 64 41 46 28 38 52 62 33 27 85 58 83 47 3 45 94 11 57 77 50 90 24 21 76 7 31 61 82
TEST 85 ARG:47 71 42 93 7 73 4 3 28 58 74 18 33 72 41 85 78 77 43 67 23 26 46 30 62 27 31 2 32 84 40 57 83 25 95 64 50 89 53 9 49 92 8 24 37 94 98 63 11 10 59 16 6 91 99 69 81 87 66 68 39 20 36 70 75 97 52 14 61 12 0 29 54 15 19 21 60 35 82 56 45 17 65 80 13 88 5 76 44 96 38 1 90 22 86 48 79 34 55 51
TEST 86 ARG:58 31 74 38 48 27 37 20 91 42 15 1 43 46 35 76 4 36 50 0 44 13 88 11 34 78 65 18 14 80 72 67 69 47 94 54 64 23 53 61 21 22 12 28 57 92 40 90 98 5 2 85 24 29 81 62 68 86 7 99 89 75 16 59 6 55 87 3 39 60 51 49 25 45 77 84 96 26 30 93 8 73 70 52 95 71 19 56 32 82 79 83 66 17 33 63 9 10 97 41
TEST 87 ARG:12 43 30 80 56 13 68 88 15 41 62 1 91 58 64 92 90 70 31 75 3 17 76 67 79 86 24 63 85 99 73 89 20 19 38 36 46 9 83 66 52 44 5 2 47 14 33 82 57 55 50 26 39 77 81 87 74 96 21 6 42 61 8 16 34 97 71 40 28 94 32 49 60 11 98 23 37 95 69 65 72 54 10 51 0 59 35 93 27 18 53 7 84 25 45 78 48 4 29 22
TEST 88 ARG:13 21 75 2 33 30 56 0 62 55 69 12 40 86 16 45 53 47 94 36 84 93 6 35 78 18 22 41 39 25 5 8 80 23 85 29 90 28 73 14 52 59 96 79 74 27 88 44 68 61 83 81 10 77 3 46 4 76 37 97 99 43 87 54 31 49 17 58 57 98 48 91 26 20 89 38 51 24 50 66 92 64 95 11 32 7 42 82 1 71 63 65 67 60 70 72 9 34 19 15
TEST 89 ARG:73 86 7 36 98 28 37 30 19 29 92 25 23 24 71 53 42 77 89 17 88 27 84 85 12 18 33 99 4 6 14 38 52 54 83 45 96 16 80 26 49 79 39 61 10 87 43 82 62 32 1 40 44 72 21 9 20 22 57 68 58 56 46 95 66 34 74 78 31 59 90 47 76 75 60 51 41 93 50 55 8 3 91 2 65 81 13 97 15 70 67 0 35 94 48 69 5 11 64 63
TEST 90 ARG:73 96 48 80 23 39 49 50 58 19 95 35 55 21 36 75 83 99 46 77 4 78 40 3 45 28 53 88 7 42 54 92 10 60 1 34 52 47 29 11 15 97 59 32 18 70 24 63 6 5 43 74 44 64 84 2 94 8 20 33 26 51 79 17 67 27 71 56 86 12 68 31 87 82 0 66 62 76 9 38 89 14 13 91 61 93 90 41 25 85 22 98 72 65 69 16 30 57 37 81
TEST 91 ARG:69 18 61 2 9 81 28 57 27 95 47 79 59 17 62 45 33 23 31 70 6 89 96 29 55 82 78 64 11 4 41 63 72 15 67 56 25 38 71 24 37 74 92 26 43 16 65 21 58 46 77 76 83 44 99 19 98 30 97 51 88 86 10 1 90 22 68 53 14 91 42 87 34 52 50 94 48 13 93 32 60 73 84 49 20 35 40 8 66 36 80 54 7 0 5 75 39 85 3 12
TEST 92 ARG:34 31 87 55 25 16 49 47 22 89 75 38 41 80 27 12 86 48 23 53 85 46 92 8 30 56 37 52 33 78 43 72 2 26 10 1 7 91 88 54 58 64 24 74 83 3 99 81 63 44 67 62 65 36 5 60 90 51 4 13 97 68 20 98 40 35 61 9 39 11 71 0 50 82 28 45 93 73 76 59 15 29 95 21 70 19 6 94 84 79 69 17 77 66 96 32 18 14 57 42
TEST 93 ARG:21 95 11 99 9 71 96 78 58 63 14 37 6 55 34 18 87 4 13 69 84 27 60 62 1 97 51 56 91 25 20 29 66 31 23 32 15 8 77 52 16 41 26 33 57 50 36 53 28 19 98 10 90 59 3 2 0 72 83 24 65 92 49 81 5 44 68 67 86 47 64 89 12 7 80 79 35 70 61 17 93 46 73 74 54 82 40 45 85 75 22 38 88 48 94 42 30 39 43 76
TEST 94 ARG:29 41 86 35 76 32 52 63 73 2 15 85 37 99 16 42 36 83 60 79 20 25 91 23 72 7 3 96 53 68 38 43 8 66 19 14 71 21 12 9 13 17 48 39 27 80 89 84 92 22 34 49 62 40 65 56 70 33 18 51 55 82 47 97 93 94 5 74 26 95 30 11 81 57 10 54 98 90 64 61 77 75 46 59 24 0 50 31 87 58 44 4 88 45 78 69 28 1 67 6
TEST 95 ARG:43 86 75 82 1 12 61 81 42 22 72 19 52 35 36 80 49 88 53 90 62 87 25 69 77 11 96 65 46 23 92 57 32 15 64 2 14 26 51 68 63 3 10 24 38 0 58 84 33 71 48 7 29 13 8 34 31 30 66 55 21 18 6 56 95 89 39 28 76 98 70 99 47 40 74 67 93 54 91 45 78 9 97 59 83 50 41 44 5 37 79 4 60 27 73 20 16 94 85 17
TEST 96 ARG:1 39 9 24 57 32 48 27 69 79 64 20 38 75 7 85 59 81 67 73 36 72 49 19 50 30 62 29 0 68 14 31 3 87 5 35 76 47 63 43 28 42 93 58 37 92 8 11 70 77 16 95 15 44 2 80 84 51 10 46 45 91 22 12 61 60 17 96 55 98 56 13 40 86 66 52 21 89 6 53 97 99 25 26 34 23 54 78 83 94 71 65 33 88 18 74 82 4 90 41
TEST 97 ARG:79 20 8 96 50 17 77 71 95 49 39 29 72 70 41 45 26 40 19 59 22 61 73 51 23 60 24 3 0 31 83 86 94 34 89 84 68 11 33 69 15 63 53 57 36 10 44 46 99 25 4 7 56 97 74 35 76 13 54 66 91 75 85 58 5 30 42 98 47 6 16 62 78 92 37 80 81 18 28 21 2 1 65 52 14 43 27 12 64 93 87 55 82 9 88 90 38 67 48 32
TEST 98 ARG:49 33 21 2 76 83 35 67 85 26 63 92 68 22 90 62 44 1 16 4 69 19 95 45 0 89 6 96 15 84 39 86 8 23 29 48 97 27 18 28 40 64 12 88 87 17 73 71 98 60 5 38 43 20 52 58 46 32 14 75 72 24 3 37 65 7 30 70 31 53 93 94 13 42 34 99 79 54 47 57 10 91 77 36 50 78 56 59 11 55 82 81 61 41 80 25 51 9 74 66
TEST 99 ARG:89 54 98 83 28 17 79 24 11 92 66 27 50 18 88 40 67 6 87 71 70 35 12 45 60 55 75 48 0 53 78 4 19 32 69 82 97 63 61 86 26 99 59 34 94 23 8 41 73 91 47 96 33 36 52 10 58 37 38 57 85 22 39 90 15 49 84 72 21 2 80 51 81 95 7 25 43 31 14 13 65 93 16 77 64 56 74 3 5 1 30 42 20 68 44 46 9 62 76 29
TEST 100 ARG:37 82 58 74 25 75 36 17 26 24 12 70 28 1 69 4 54 60 52 0 15 73 78 51 94 10 18 9 13 32 95 66 65 44 97 86 46 41 85 30 99 11 77 96 81 67 64 45 34 63 84 50 72 49 22 55 56 88 68 2 14 31 40 61 53 35 93 91 87 47 42 76 38 62 57 79 92 89 5 29 20 8 23 80 39 90 21 48 27 3 43 83 98 71 19 6 59 7 16 33
TEST 101 ARG:42 85 35 88 69 18 66 29 52 78 14 45 25 50 46 9 92 60 93 90 75 41 3 68 79 2 61 7 55 72 44 16 53 17 70 64 57 38 19 89 21 47 4 56 76 12 91 32 27 37 33 34 24 84 82 51 15 58 49 26 97 87 80 28 74 40 81 67 95 59 48 5 8 71 62 30 31 73 36 65 13 0 43 11 99 77 98 86 1 10 6 39 22 20 23 54 94 96 83 63
TEST 102 ARG:33 37 4 14 89 13 0 51 12 63 97 47 10 90 80 48 45 81 21 72 84 40 86 7 2 6 30 79 73 15 83 99 71 27 43 67 50 8 58 38 9 61 78 5 76 96 94 32 88 93 74 53 29 82 49 98 75 23 1 36 17 25 11 70 26 85 56 41 19 3 91 66 52 34 31 20 59 57 35 77 54 65 39 16 69 18 24 28 62 68 44 60 55 46 42 22 87 64 95 92
TEST 103 ARG:29 87 17 2 82 96 49 39 64 54 52 62 90 25 69 61 37 79 41 65 97 91 58 34 71 73 27 55 11 7 67 24 99 30 18 22 0 3 31 28 80 48 83 21 20 95 50 92 36 77 12 42 43 53 38 8 44 47 76 93 16 68 75 72 14 59 51 84 78 33 15 26 6 60 40 86 66 98 81 13 45 74 85 56 5 89 1 63 94 32 88 46 23 70 9 57 35 19 4 10
TEST 104 ARG:19 45 52 84 42 74 85 60 70 21 63 53 44 29 83 4 68 22 98 79 41 56 18 95 16 27 93 61 78 65 28 49 99 32 86 87 89 38 59 66 37 82 12 51 69 25 30 73 72 39 6 1 92 91 9 10 71 15 43 13 64 48 88 76 5 90 23 40 47 3 34 36 77 55 2 14 81 11 58 35 97 57 0 17 8 31 20 62 24 94 75 96 67 50 7 54 80 46 33 26
TEST 105 ARG:69 84 80 71 11 24 22 88 66 34 54 35 98 23 62 50 18 73 41 89 21 72 92 76 48 77 20 97 65 13 63 38 59 49 99 83 0 95 37 60 25 52 14 29 32 96 2 7 1 64 9 94 4 91 31 55 58 45 51 33 68 56 3 15 57 43 93 61 46 19 85 36 67 70 82 86 74 17 12 78 81 42 6 30 75 87 39 16 40 8 79 53 10 90 26 27 44 28 5 47
TEST 106 ARG:49 11 73 53 66 36 46 16 40 78 32 60 64 10 55 94 92 42 20 30 90 41 74 75 80 52 44 86 84 5 83 96 50 56 76 6 97 93 68 63 23 29 48 3 2 62 51 87 26 57 25 14 79 7 69 89 17 21 38 18 95 59 9 72 34 47 82 22 31 70 71 58 91 85 77 24 28 1 12 19 99 54 67 45 15 13 4 37 98 27 0 39 8 43 65 61 81 88 33 35
TEST 107 ARG:5 64 80 88 74 42 36 90 1 12 44 94 11 28 43 27 32 2 50 97 48 40 67 60 89 9 58 4 17 54 46 56 52 30 25 29 72 51 81 63 83 31 0 91 20 92 19 69 75 86 10 53 71 14 57 18 55 13 95 65 6 99 84 62 49 38 22 16 98 68 34 8 35 77 41 76 7 39 66 73 21 26 93 15 59 70 78 33 24 79 47 61 3 23 96 37 45 85 87 82
TEST 108 ARG:52 86 72 98 61 13 10 56 29 27 12 90 73 1 46 45 28 66 76 91 44 41 82 43 58 23 74 68 93 20 97 67 49 0 2 54 18 83 53 32 57 14 3 81 16 4 47 30 95 48 62 24 64 55 59 7 15 34 89 99 5 77 21 22 94 39 50 6 96 92 9 17 70 75 42 71 63 79 31 8 87 51 88 84 19 40 26 69 80 85 25 38 78 35 33 65 37 11 36 60
TEST 109 ARG:32 6 34 30 92 62 71 79 76 56 21 55 42 8 65 26 94 50 18 78 15 39 77 63 80 37 20 7 29 51 87 99 69 88 58 83 91 86 2 82 40 54 93 43 90 52 95 59 13 1 97 10 36 61 35 9 48 41 44 75 60 31 33 74 5 17 45 98 4 73 53 14 25 11 89 67 38 85 64 3 23 28 96 22 47 49 72 27 68 0 16 19 57 81 24 66 70 46 84 12
TEST 110 ARG:43 96 83 58 30 97 91 46 87 73 27 65 8 34 77 35 59 57 86 56 40 22 79 82 67 29 0 63 1 45 36 80 66 14 12 2 71 88 25 16 28 6 76 37 48 92 84 55 93 49 19 81 31 33 64 13 61 5 89 23 68 60 10 85 18 62 51 7 47 74 15 4 94 42 24 72 78 44 9 75 41 98 21 39 90 70 99 17 95 53 38 54 50 69 26 11 52 3 20 32
TEST 111 ARG:17 79 85 49 83 53 18 12 46 33 81 84 45 65 95 10 19 68 27 1 94 98 13 67 80 40 60 62 86 71 57 25 52 32 35 73 30 64 97 2 23 5 14 78 89 41 43 7 4 51 55 76 90 21 37 36 59 58 87 69 72 70 26 42 28 22 50 93 54 39 38 34 8 92 66 48 11 96 15 88 44 61 6 75 20 16 77 99 56 24 63 31 0 74 82 47 91 9 3 29
TEST 112 ARG:20 5 44 45 93 49 91 94 36 14 82 19 55 85 99 48 76 98 89 18 31 68 77 15 39 71 23 56 2 74 53 86 79 52 32 41 60 42 90 21 47 34 80 78 26 40 75 66 63 61 84 29 0 28 70 54 16 92 25 73 10 11 35 7 83 27 6 58 88 67 1 51 3 13 97 62 24 96 95 37 43 65 8 22 4 12 17 87 46 64 9 38 81 72 57 69 30 59 50 33
TEST 113 ARG:95 48 58 47 26 89 17 63 68 3 62 92 66 25 84 78 9 50 59 54 70 38 31 16 83 69 91 24 43 0 56 80 96 49 77 65 41 44 12 74 13 30 23 94 20 86 85 11 34 4 19 46 27 28 73 21 2 71 60 5 37 57 36 99 76 40 82 1 32 98 35 7 18 79 72 97 15 67 87 81 75 90 22 6 39 55 52 42 33 53 10 45 88 8 64 51 29 14 93 61
TEST 114 ARG:58 17 11 84 85 79 87 20 10 40 42 5 97 73 52 71 93 36 69 22 13 53 88 94 6 98 91 43 12 46 74 50 3 66 60 37 9 47 32 8 18 90 76 56 33 39 57 68 61 75 67 63 95 44 24 34 86 72 82 96 21 30 27 77 45 31 26 2 51 64 28 35 70 59 4 49 78 14 15 29 80 62 25 38 19 81 1 16 83 0 92 89 99 55 48 65 54 7 23 41
TEST 115 ARG:34 1 19 47 95 11 80 40 54 58 83 14 94 75 59 61 48 45 26 42 24 8 92 35 20 21 49 96 33 62 22 76 38 63 82 93 65 25 32 0 5 71 99 13 91 51 60 68 27 87 3 73 46 6 66 90 16 53 4 79 77 85 89 44 67 57 29 9 7 86 70 52 78 18 23 88 98 10 31 12 41 97 84 64 28 81 43 30 15 17 37 36 72 69 39 2 56 74 55 50
TEST 116 ARG:59 21 83 28 54 88 31 79 81 16 92 12 39 42 14 62 97 20 0 24 35 72 85 98 32 34 94 93 7 80 78 48 89 5 50 36 17 66 69 2 15 46 29 68 9 64 76 84 45 18 27 52 60 37 25 73 13 23 90 22 26 33 30 38 44 91 53 55 43 82 61 11 57 86 99 10 49 47 95 77 4 58 51 67 71 40 74 8 65 19 87 63 6 75 3 1 41 70 96 56
TEST 117 ARG:93 16 43 95 30 10 8 79 92 48 89 63 98 49 59 26 34 11 20 67 83 82 6 28 54 72 73 91 40 1 15 29 4 23 7 50 75 56 62 71 53 69 81 17 9 45 33 76 74 60 5 22 38 3 19 97 65 12 18 99 2 52 78 55 25 90 0 57 61 85 41 42 36 70 94 77 21 27 80 66 68 51 37 44 39 87 64 13 31 46 32 58 96 88 35 47 86 24 84 14
TEST 118 ARG:91 43 37 92 18 76 55 56 41 78 35 89 87 28 22 5 63 7 75 90 33 69 83 98 70 96 46 80 84 65 42 15 23 85 8 64 97 31 77 2 11 59 13 38 20 95 16 72 27 25 58 47 71 9 1 93 94 62 52 26 12 10 67 66 4 17 0 39 24 29 34 21 79 32 60 99 54 30 57 68 86 73 36 81 51 50 88 19 44 14 49 3 45 82 53 40 6 61 48 74
TEST 119 ARG:65 11 56 59 80 97 67 85 84 46 17 35 3 25 21 76 13 23 51 6 50 55 99 14 47 41 64 74 2 54 24 83 82 7 53 94 66 93 42 61 57 79 10 39 43 44 31 0 68 90 73 40 12 48 16 30 60 72 32 22 52 1 98 45 33 77 63 86 81 69 71 4 28 75 62 19 96 89 95 27 5 15 38 70 29 26 20 58 87 91 34 92 36 49 88 8 9 78 37 18
TEST 120 ARG:70 38 71 20 25 26 63 56 74 66 67 84 21 22 60 17 40 75 31 55 35 72 65 23 46 19 1 78 64 73 27 50 0 68 12 99 43 59 86 53 87 5 28 42 44 57 48 83 7 11 2 69 37 82 94 54 39 62 61 98 45 13 14 9 97 91 47 51 80 18 10 52 36 58 49 85 96 41 90 15 30 93 76 89 24 34 32 33 3 79 16 92 6 4 8 29 81 95 88 77
TEST 121 ARG:96 46 80 42 72 56 36 22 94 3 35 98 2 32 20 79 90 84 40 47 71 21 73 11 83 24 48 51 76 44 88 87 5 66 0 10 30 18 69 8 55 75 25 61 9 54 77 99 19 82 67 92 49 70 17 12 15 26 86 6 57 91 78 39 43 29 89 34 23 68 27 74 59 63 85 16 4 97 31 52 1 38 65 58 37 13 45 7 81 28 53 62 41 33 60 64 50 93 95 14
TEST 122 ARG:77 61 84 65 0 13 85 78 37 68 89 91 80 99 29 66 94 59 27 46 40 36 75 28 67 72 12 16 22 15 41 55 64 86 1 71 56 43 90 95 25 8 96 87 5 48 42 32 31 83 73 34 19 97 26 3 6 63 18 9 69 7 54 60 20 88 47 10 93 30 52 79 50 81 2 35 51 14 17 92 62 57 39 38 58 11 45 70 98 76 49 21 53 4 44 82 24 23 33 74
TEST 123 ARG:19 90 12 91 92 69 47 78 32 59 88 37 3 61 28 65 50 13 77 76 46 0 86 18 15 4 45 87 27 95 53 22 1 99 6 94 7 11 31 38 73 21 97 72 17 74 34 67 83 42 79 49 51 30 66 70 81 56 35 9 26 39 41 89 36 85 44 98 14 55 54 71 25 57 29 84 43 60 96 93 23 24 33 8 75 10 82 16 5 48 62 2 52 63 58 80 40 20 68 64
TEST 124 ARG:17 16 90 49 70 26 68 8 67 79 57 24 19 89 55 61 39 30 29 25 84 4 91 45 22 31 36 76 0 43 54 60 85 53 42 64 38 50 93 44 87 80 74 81 34 72 18 48 66 2 88 28 83 5 94 7 12 65 63 75 32 20 13 1 95 14 47 40 37 56 9 52 15 58 33 10 77 59 62 82 73 78 97 71 41 99 98 69 35 46 11 23 51 3 86 96 27 92 21 6
TEST 125 ARG:75 27 31 63 60 21 48 41 96 87 86 49 47 40 79 26 73 24 23 95 98 6 3 85 0 94 99 20 74 4 58 22 43 16 9 11 33 17 82 61 77 51 83 32 90 15 39 45 65 30 19 89 69 76 70 28 2 14 68 64 67 7 57 37 72 71 1 52 92 62 44 46 13 59 97 66 18 54 93 8 78 50 80 12 53 42 25 36 5 35 81 34 91 84 38 56 88 29 55 10
TEST 126 ARG:16 9 5 91 86 55 87 84 61 23 44 3 77 31 54 6 18 68 82 65 98 57 30 64 51 40 83 71 36 74 8 45 62 21 78 96 81 1 20 22 90 75 58 49 66 37 12 97 27 89 70 46 7 52 25 34 13 79 38 2 42 48 41 0 15 35 69 93 63 47 88 29 99 43 19 80 95 56 92 60 53 50 85 32 11 24 39 76 73 14 72 94 26 28 67 17 59 10 33 4
TEST 127 ARG:18 5 44 13 49 68 35 16 70 6 90 64 24 93 97 76 83 3 2 85 89 82 45 14 80 94 8 33 57 81 60 34 12 30 40 42 26 48 67 58 54 61 15 41 19 51 55 27 20 36 37 78 11 7 91 95 73 43 21 0 29 92 77 98 31 32 47 87 53 50 56 10 79 72 1 46 62 84 22 66 9 69 52 17 71 96 59 39 28 86 75 23 99 4 38 74 65 88 63 25
TEST 128 ARG:83 79 30 14 36 2 55 25 61 88 24 71 44 65 96 0 6 75 78 17 48 58 89 57 45 66 97 82 12 20 52 59 73 19 63 51 4 94 54 26 50 16 3 11 29 84 47 46 43 1 32 23 31 56 93 68 49 39 60 21 13 41 87 33 15 9 85 90 98 37 10 92 64 34 70 8 42 86 76 27 67 81 7 99 40 38 18 62 69 91 95 72 53 80 5 35 77 74 22 28
TEST 129 ARG:86 2 45 64 59 28 35 88 38 57 32 21 99 67 79 63 65 13 54 5 6 40 69 33 61 96 75 52 68 50 98 23 55 1 7 72 31 42 34 97 70 41 62 9 81 11 16 73 8 56 48 26 51 93 74 53 90 24 19 18 37 49 29 3 46 47 60 4 66 83 20 43 36 12 82 71 87 80 76 84 89 27 58 10 14 25 94 91 95 17 39 44 15 22 85 78 77 30 0 92
TEST 130 ARG:72 64 6 18 81 16 90 84 50 79 35 71 22 49 67 52 27 91 45 19 53 77 3 74 97 80 32 99 78 2 76 44 7 12 60 4 23 62 69 20 28 87 17 54 86 13 15 82 14 42 95 31 92 88 51 30 48 57 55 11 93 40 1 58 29 8 98 36 73 85 63 66 5 9 33 41 75 65 59 10 25 43 21 47 26 70 37 24 61 34 56 39 68 38 46 96 94 89 83 0
TEST 131 ARG:26 2 91 16 47 40 17 84 65 62 64 99 8 88 35 38 86 39 36 66 42 82 0 48 93 37 87 1 97 44 68 13 78 29 5 41 11 53 81 32 69 43 23 34 4 55 56 57 21 20 60 76 52 72 45 51 49 27 19 22 94 18 85 71 83 92 25 61 80 77 63 58 15 30 7 46 9 75 12 79 74 31 90 10 89 98 14 24 67 54 33 50 6 28 96 73 70 3 59 95
TEST 132 ARG:56 15 46 18 23 79 2 71 67 96 35 27 69 80 73 86 31 74 5 19 92 38 48 36 88 16 76 77 95 30 62 47 20 87 37 90 4 44 17 42 55 22 54 70 34 12 57 28 89 3 65 78 41 85 97 6 94 82 10 84 58 26 1 61 40 29 49 9 83 43 25 66 11 93 24 75 14 59 72 64 51 39 99 7 50 60 32 68 53 21 81 52 63 45 91 33 98 13 8 0
TEST 133 ARG:84 14 66 39 64 88 8 16 67 94 60 12 89 61 41 27 93 31 5 4 28 62 99 21 95 20 53 54 34 80 46 43 52 47 25 78 22 58 73 83 59 37 26 48 70 90 85 87 71 45 17 98 74 19 7 9 91 81 30 33 1 77 32 57 55 35 40 44 49 56 72 11 38 18 24 42 86 36 63 51 75 97 50 6 10 0 96 79 23 92 69 2 3 68 15 29 82 13 76 65
TEST 134 ARG:39 84 36 56 10 97 6 48 54 15 7 9 59 32 13 24 49 51 19 17 57 46 43 22 23 21 0 8 94 67 11 64 85 66 37 99 38 98 95 52 4 90 78 76 58 50 81 55 26 5 27 60 33 63 47 12 25 87 20 1 91 93 34 92 83 31 89 45 69 28 40 53 18 14 71 86 79 70 75 2 44 88 82 72 73 30 80 65 42 61 68 77 96 62 41 74 3 16 29 35
TEST 135 ARG:6 98 67 2 68 11 45 53 63 16 54 10 28 26 41 89 51 9 14 0 29 95 38 78 81 5 40 87 72 20 65 86 8 4 66 32 7 19 30 73 49 22 62 60 23 56 34 33 75 58 96 91 83 50 93 36 46 69 64 31 79 70 3 37 27 42 24 77 47 74 43 25 80 55 48 17 15 57 35 18 21 76 82 99 94 39 44 12 13 88 71 90 52 85 1 59 84 92 61 97
TEST 136 ARG:51 59 11 80 7 71 5 56 48 65 9 35 4 70 89 19 0 94 61 63 3 68 38 90 10 99 13 12 34 53 44 77 73 6 86 67 93 97 27 33 98 1 55 58 96 81 52 24 23 39 78 92 40 72 50 88 41 49 66 76 37 82 32 14 57 75 31 46 64 45 21 18 26 43 20 85 30 28 2 16 29 62 17 22 25 8 69 83 84 42 74 60 36 91 54 15 95 79 87 47
TEST 137 ARG:76 71 12 48 2 99 14 45 24 67 65 82 90 72 96 38 95 73 66 31 79 60 53 94 51 49 26 25 47 80 41 63 29 19 92 85 55 86 59 75 93 5 36 33 22 9 88 42 8 83 20 97 21 32 44 6 89 81 64 23 50 7 68 13 52 39 1 77 18 57 87 84 98 27 69 56 0 78 35 61 91 54 10 15 70 28 34 46 62 37 11 43 16 58 30 4 40 17 3 74
TEST 138 ARG:64 79 8 77 37 52 65 14 30 90 62 59 76 23 51 21 57 86 15 2 7 88 39 44 6 10 34 49 84 11 99 91 78 20 94 45 48 25 66 89 55 82 58 31 98 71 4 22 1 69 28 24 36 87 42 83 12 17 68 63 19 26 67 46 61 60 70 5 81 56 85 41 73 33 54 9 72 13 97 50 95 3 18 0 40 27 47 32 38 16 35 75 74 80 96 43 53 92 29 93
TEST 139 ARG:26 48 75 43 98 24 28 35 95 76 17 13 47 61 89 46 64 66 31 33 15 22 58 68 99 11 14 44 49 23 62 55 18 93 70 59 7 20 87 38 34 72 65 77 45 84 90 50 85 56 53 71 5 67 21 16 60 81 12 4 37 25 8 83 19 57 97 91 39 40 79 94 92 36 80 73 32 63 29 1 54 3 74 96 82 10 51 30 27 42 2 6 41 69 9 78 86 52 0 88
TEST 140 ARG:81 99 55 16 60 22 93 1 43 47 74 7 8 75 96 13 33 97 58 89 10 69 39 91 40 28 50 68 82 41 32 37 51 70 56 14 48 26 9 30 92 27 85 63 86 23 72 61 46 79 45 36 76 87 38 34 64 71 88 11 73 66 31 49 65 54 4 18 98 24 5 0 95 78 62 90 35 17 3 21 77 20 12 15 44 67 59 52 2 42 6 29 84 83 80 19 25 57 53 94
TEST 141 ARG:82 31 68 10 70 59 66 48 32 39 76 88 77 90 50 52 64 65 23 18 87 89 95 22 6 40 47 8 37 84 85 61 80 98 46 29 26 3 27 12 71 62 73 56 83 21 67 91 86 58 81 2 51 34 43 33 55 11 57 9 94 75 30 63 97 19 78 38 74 17 20 79 16 96 44 42 7 35 45 14 4 1 24 72 99 54 69 41 93 5 25 92 15 28 53 0 49 36 13 60
TEST 142 ARG:66 65 75 83 84 67 72 52 9 80 43 23 42 28 56 91 78 64 55 57 54 88 1 38 86 30 98 89 0 69 51 60 59 68 53 20 29 87 90 93 44 31 8 4 5 48 2 27 37 58 22 79 47 41 25 17 50 6 77 24 85 35 40 49 36 33 34 62 81 15 26 13 7 14 12 99 94 10 70 32 45 95 73 16 3 71 92 19 74 76 61 97 21 18 63 39 11 46 96 82
TEST 143 ARG:42 41 91 3 7 51 98 48 50 63 25 33 53 99 83 97 65 17 6 22 10 94 11 68 16 84 8 93 72 77 0 82 90 26 96 19 35 34 76 88 2 40 32 74 4 85 73 54 23 57 46 87 79 1 69 58 60 56 59 27 62 80 78 61 95 15 75 24 45 36 81 38 20 9 28 18 21 92 5 66 39 30 47 37 12 49 29 14 67 13 44 86 55 52 89 70 64 43 71 31
TEST 144 ARG:18 66 38 75 62 10 22 1 58 53 90 93 26 12 15 35 64 20 34 57 52 5 6 14 17 86 29 30 39 7 43 87 60 80 78 51 71 11 84 63 48 89 59 96 91 4 16 13 47 68 28 97 45 56 79 3 41 31 92 67 36 73 27 99 50 61 55 25 81 94 69 42 19 32 44 40 2 0 23 77 54 72 74 82 33 24 88 37 83 9 70 65 95 21 49 98 46 85 76 8
TEST 145 ARG:33 8 48 39 10 54 9 1 44 75 85 18 68 98 77 69 16 25 62 24 74 28 7 11 93 37 84 94 78 61 2 64 97 41 46 81 32 47 82 49 87 15 50 45 27 35 89 13 12 0 57 6 59 4 92 58 23 29 63 5 36 88 79 34 67 83 65 99 14 42 96 56 52 55 20 19 51 22 73 76 95 31 38 86 90 17 53 40 43 66 21 71 3 72 30 26 91 80 70 60
TEST 146 ARG:81 22 64 86 17 90 96 7 12 84 0 85 55 59 72 20 92 94 45 8 52 83 97 2 66 47 76 70 30 99 21 3 65 36 63 49 79 89 9 53 88 74 58 57 5 24 60 38 44 62 91 27 19 39 34 14 4 15 18 43 13 40 50 98 1 78 23 26 37 6 11 95 33 68 16 80 56 48 31 28 67 42 93 77 32 71 87 69 73 61 75 10 54 51 25 46 29 82 35 41
TEST 147 ARG:49 72 38 22 33 30 85 79 67 50 4 70 37 19 52 55 20 26 24 16 6 68 54 36 7 57 43 58 64 77 46 59 91 78 29 60 12 32 27 2 35 15 71 44 45 10 97 39 73 75 88 13 95 48 90 3 69 83 87 21 14 74 5 76 99 23 51 18 61 11 94 34 84 63 93 92 89 53 86 56 31 81 17 1 80 62 0 25 40 65 9 82 47 96 66 8 41 42 28 98
TEST 148 ARG:33 61 76 30 83 5 70 44 25 92 14 51 47 23 40 6 81 0 78 71 24 1 67 87 53 62 3 97 55 86 9 54 52 72 38 57 21 11 85 58 7 89 19 48 96 63 4 43 42 74 35 32 10 20 79 12 16 49 15 29 37 27 64 50 18 65 82 99 68 93 31 17 69 91 77 2 22 39 98 60 26 34 88 56 84 95 28 80 41 66 8 59 75 13 90 45 36 94 73 46
TEST 149 ARG:13 76 77 41 94 74 35 10 23 45 17 89 44 33 24 57 3 99 39 62 38 92 91 1 67 6 71 75 53 87 88 31 68 70 60 0 11 32 55 42 46 20 79 27 22 64 2 93 84 95 48 37 98 14 26 66 47 81 59 15 54 49 82 72 85 18 83 29 40 30 65 16 5 43 4 63 25 21 73 96 8 69 78 61 19 90 51 97 50 9 7 86 12 36 28 56 58 52 80 34
TEST 150 ARG:57 77 80 1 99 74 5 12 45 3 9 46 70 40 18 64 28 55 30 20 38 0 84 16 69 97 71 11 78 94 32 53 41 59 62 92 25 49 75 82 26 37 47 65 90 58 7 31 13 54 8 24 50 73 79 88 22 43 67 4 34 35 87 63 61 33 44 51 29 23 14 10 48 83 81 42 15 56 36 72 2 85 52 98 91 76 6 17 39 66 89 93 95 27 60 68 21 19 96 86
TEST 151 ARG:8 40 58 90 2 96 94 86 30 46 42 98 24 27 55 80 26 66 75 19 68 63 37 76 32 57 25 78 10 91 61 41 29 82 39 81 11 21 59 85 87 13 60 35 33 95 7 3 43 77 20 34 17 12 48 50 93 4 69 49 36 14 97 1 18 72 5 44 79 23 6 0 53 38 51 54 16 45 15 67 84 28 64 65 52 9 92 31 99 56 62 71 74 70 47 88 83 73 22 89
TEST 152 ARG:36 15 34 92 81 96 16 85 52 50 94 53 80 46 1 32 38 19 8 10 17 77 5 6 70 9 39 73 31 7 48 49 45 84 42 20 63 65 41 91 64 88 2 89 83 29 43 51 27 57 23 86 4 35 79 47 62 60 26 11 66 95 69 55 76 37 72 3 71 14 21 58 93 98 44 74 22 78 18 67 99 61 12 0 59 82 56 40 30 87 13 25 33 54 90 28 97 75 68 24
TEST 153 ARG:17 16 57 28 93 23 3 60 65 20 34 80 81 58 5 98 8 29 11 9 24 36 76 84 96 71 48 14 54 61 31 6 46 27 22 51 89 90 19 38 10 74 52 1 35 97 87 37 92 15 79 25 26 43 64 4 62 82 91 78 41 13 45 49 69 55 85 75 18 99 44 94 88 12 59 72 56 67 63 40 30 86 53 33 2 32 77 73 39 21 70 0 95 66 47 68 50 42 7 83
TEST 154 ARG:36 14 79 19 26 40 21 10 34 52 58 47 49 78 57 59 93 92 15 46 30 77 50 84 29 88 44 60 90 45 28 42 76 7 22 91 69 66 97 48 43 95 64 25 61 72 73 3 89 98 94 53 20 99 63 38 70 68 75 0 74 51 62 32 35 39 81 4 82 18 54 71 85 24 17 67 1 9 8 31 11 13 56 37 41 5 23 55 87 6 2 80 33 27 96 83 86 12 16 65
TEST 155 ARG:10 13 90 84 11 24 76 92 96 50 9 20 85 3 69 87 0 31 65 59 74 56 14 1 68 54 77 44 93 60 4 71 22 47 12 43 63 61 30 67 46 98 23 38 34 91 95 35 58 27 33 78 45 28 72 5 32 75 86 64 8 15 19 41 89 80 49 79 52 2 36 55 94 21 16 83 62 6 18 99 25 29 7 42 51 37 39 73 81 70 97 53 82 57 26 88 17 48 66 40
TEST 156 ARG:64 3 22 26 30 50 47 16 5 29 39 23 77 88 80 11 87 66 41 55 91 52 9 51 75 85 0 17 53 89 96 31 25 74 2 12 99 63 6 18 8 95 24 56 72 19 82 33 49 70 81 28 57 27 20 90 83 58 1 38 61 54 86 73 60 44 97 67 48 69 43 40 79 4 34 15 45 94 62 32 65 21 68 92 46 76 35 71 10 42 59 84 13 93 98 36 78 14 7 37
TEST 157 ARG:47 14 95 55 50 54 15 87 98 28 37 35 88 13 66 99 90 31 0 70 26 34 92 53 64 38 19 48 25 78 10 49 65 59 62 68 39 22 24 85 7 60 51 4 8 43 58 86 61 73 2 56 82 72 79 40 81 30 5 71 41 44 63 75 97 3 12 83 91 52 46 96 36 23 84 32 77 42 29 6 17 20 89 74 45 9 67 16 57 11 1 80 33 18 94 69 93 76 21 27
TEST 158 ARG:5 62 54 32 35 74 59 97 86 38 13 68 98 52 42 22 82 15 25 36 28 16 20 67 79 63 44 12 58 75 78 39 37 33 2 72 94 88 11 92 85 71 61 30 69 60 46 47 27 91 7 41 89 45 19 53 73 55 1 57 70 40 76 43 96 81 9 26 51 10 4 84 24 18 80 83 17 77 99 93 50 31 65 0 64 8 66 14 29 6 3 87 90 56 95 23 21 34 49 48
TEST 159 ARG:87 50 32 26 34 56 1 76 88 92 63 75 94 22 43 20 52 67 57 60 82 39 31 16 96 36 70 97 84 37 2 6 41 46 40 28 73 53 27 77 78 35 58 10 14 49 17 91 48 59 18 12 90 23 69 80 3 99 47 0 24 68 86 11 85 89 65 51 62 93 71 72 13 64 19 45 42 83 74 61 95 38 8 33 98 55 30 15 44 81 5 7 66 25 21 79 9 29 54 4
TEST 160 ARG:47 50 21 72 69 39 7 46 4 66 87 38 89 85 58 59 99 65 51 37 15 67 53 91 88 56 9 16 48 11 77 71 17 81 76 28 98 78 79 6 52 49 18 68 62 13 43 23 70 92 90 1 27 83 33 84 64 60 29 3 93 75 45 80 57 86 97 82 94 0 96 61 19 74 44 5 55 54 31 22 73 63 35 2 20 8 10 34 95 12 32 42 25 30 36 26 24 14 40 41
TEST 161 ARG:18 10 32 0 78 24 60 82 96 39 88 37 52 5 1 14 4 67 16 50 6 49 3 20 93 73 76 69 70 30 75 45 57 28 99 29 97 77 36 2 72 53 65 64 41 12 8 59 17 38 63 62 66 43 9 74 42 81 71 56 91 46 34 40 11 85 23 86 51 98 25 26 48 22 7 55 47 15 19 92 80 87 54 33 68 79 13 89 90 21 61 31 84 27 94 44 58 35 95 83
TEST 162 ARG:56 59 89 86 36 47 53 32 7 24 94 31 45 54 25 13 88 28 9 50 4 35 67 61 0 73 70 76 18 84 23 66 93 92 75 22 91 97 65 79 77 55 78 39 27 19 42 83 87 90 40 26 71 58 95 99 48 85 33 69 38 10 15 52 98 43 37 2 1 96 49 41 21 81 6 34 57 29 44 8 74 12 60 3 62 72 14 64 80 82 20 51 68 46 30 63 11 5 17 16
TEST 163 ARG:70 23 12 89 83 49 98 34 16 28 38 5 40 59 19 95 73 51 92 69 68 44 46 82 13 77 84 30 91 93 65 25 14 90 48 7 88 85 35 4 0 66 36 37 31 64 8 50 67 43 20 97 62 42 74 9 18 45 63 61 54 15 80 58 32 39 52 22 55 75 94 17 79 47 6 24 1 76 41 11 2 26 96 87 53 57 33 10 3 99 78 72 21 81 29 27 71 86 60 56
TEST 164 ARG:78 97 55 67 89 77 86 72 5 85 19 92 17 63 12 6 46 56 48 64 29 2 7 26 74 84 98 22 38 20 75 18 71 90 25 65 53 28 47 3 8 69 70 60 51 87 91 73 62 52 99 4 68 42 39 13 30 61 40 66 41 34 83 27 49 93 35 31 44 94 21 11 0 95 14 81 9 33 37 88 1 50 10 58 57 36 59 54 76 43 32 16 96 24 45 23 79 82 15 80
TEST 165 ARG:48 61 5 75 16 93 31 95 7 64 38 55 90 65 4 41 51 43 68 25 50 53 24 14 78 22 80 33 89 57 12 88 28 19 26 70 71 76 21 37 46 97 59 11 56 85 39 9 86 92 77 67 15 82 84 72 29 81 54 45 58 10 17 32 83 79 69 1 47 30 18 8 6 0 35 36 60 91 98 40 49 73 20 96 34 2 3 74 44 52 27 94 42 87 13 99 66 62 23 63
TEST 166 ARG:82 60 35 23 84 11 29 73 47 63 9 95 30 37 12 6 34 88 24 13 16 65 61 43 58 99 5 27 28 85 62 94 41 52 48 66 54 76 39 68 59 87 46 55 67 2 36 80 56 25 32 69 51 86 3 45 17 90 81 89 70 15 19 42 33 77 10 64 49 97 57 91 74 7 31 22 44 1 0 14 20 79 98 21 26 50 71 4 72 53 38 75 78 93 18 40 83 92 96 8
TEST 167 ARG:62 22 10 40 54 5 88 96 30 71 68 69 94 7 80 60 51 43 19 36 35 48 55 39 99 20 32 17 2 15 77 37 6 50 89 76 4 31 29 90 14 66 38 87 42 64 61 16 13 84 26 59 1 21 65 72 34 70 24 18 47 91 57 23 41 56 92 3 52 97 58 53 8 78 49 46 27 73 33 81 74 98 83 9 67 86 28 82 11 45 0 85 44 93 25 75 12 95 79 63
TEST 168 ARG:92 23 76 85 31 64 90 37 57 96 44 53 40 5 17 73 83 12 2 7 33 9 98 69 55 66 87 72 45 65 16 28 8 81 50 95 67 79 18 21 30 99 47 70 1 59 62 0 46 25 86 41 38 52 26 49 48 22 54 88 6 11 68 13 61 74 29 75 91 19 97 32 60 58 56 36 34 20 94 3 27 51 63 14 78 89 80 84 10 4 15 71 77 82 35 93 24 39 42 43
TEST 169 ARG:4 49 34 44 60 91 13 27 18 57 0 31 42 14 87 38 43 32 96 81 82 72 1 61 93 77 37 75 76 85 41 29 66 86 64 94 7 90 54 98 68 39 97 50 47 59 22 95 79 10 9 89 70 12 28 35 71 62 53 11 33 92 99 3 5 45 84 2 83 73 74 15 65 51 26 21 19 6 23 40 17 69 67 30 36 78 20 52 24 8 16 48 55 63 88 80 56 58 46 25
TEST 170 ARG:48 76 20 28 27 63 77 59 94 52 82 11 36 70 78 6 47 96 33 83 98 67 34 89 74 62 58 84 91 13 10 73 68 53 35 65 86 0 24 81 12 14 64 19 31 4 92 32 42 15 85 8 66 17 60 46 43 54 25 95 1 40 99 55 75 69 80 41 44 49 88 39 30 2 3 37 9 56 38 90 79 71 26 22 18 61 16 72 5 97 7 93 21 57 45 87 50 29 51 23
TEST 171 ARG:65 31 43 90 85 44 67 74 22 18 10 84 69 88 28 37 34 91 12 76 51 50 15 24 57 49 47 3 45 63 82 86 29 19 75 83 46 2 9 54 8 13 21 11 33 20 78 42 81 38 17 66 95 79 94 40 61 64 87 92 30 58 55 39 73 59 98 53 70 35 25 62 16 0 96 93 6 99 32 89 7 80 14 4 5 68 48 52 26 23 97 41 71 56 36 72 77 1 60 27
TEST 172 ARG:27 30 89 49 9 84 96 36 61 16 73 47 19 46 65 62 70 45 76 48 58 41 35 4 44 80 51 38 24 18 69 52 14 91 32 37 63 26 71 99 10 40 6 90 39 92 64 20 81 54 5 1 0 66 3 72 2 42 34 59 33 15 85 13 11 78 21 8 57 7 68 67 94 43 82 53 25 55 23 86 56 29 95 17 22 28 75 79 97 74 12 83 88 93 60 87 98 50 77 31
TEST 173 ARG:37 5 28 25 50 95 98 6 48 16 88 65 26 51 53 76 86 34 67 19 4 89 87 54 1 62 80 57 9 30 23 33 35 43 66 8 82 38 59 21 92 27 22 39 81 96 36 84 18 44 10 97 99 73 83 68 70 42 93 40 91 77 2 64 11 69 52 94 7 74 56 24 79 3 58 49 31 13 72 71 85 20 14 12 61 46 47 78 60 63 0 45 41 17 55 29 75 32 90 15
TEST 174 ARG:85 51 13 16 63 3 67 89 69 95 52 86 21 19 34 31 45 54 27 11 42 70 75 28 14 33 0 98 59 20 40 56 4 6 58 43 24 90 49 88 72 26 94 92 93 47 39 23 44 79 18 66 87 37 38 25 12 22 99 65 80 96 76 41 68 46 8 60 84 1 29 36 9 10 81 73 2 17 62 50 5 97 61 35 32 91 74 77 15 83 82 48 7 57 71 64 78 30 55 53
TEST 175 ARG:77 7 20 15 28 61 10 13 31 62 67 79 21 97 65 53 73 27 57 25 50 8 1 88 2 78 86 59 58 16 49 34 37 74 6 56 18 43 26 45 72 42 19 83 23 35 71 52 44 87 55 11 64 51 22 76 0 63 70 92 54 41 9 39 89 66 5 29 36 60 81 95 4 96 98 82 90 85 46 47 80 14 12 93 33 91 94 30 38 99 3 69 84 24 75 48 40 17 32 68
TEST 176 ARG:53 57 64 8 85 16 23 67 66 87 44 97 74 61 55 73 69 90 7 18 86 71 28 56 54 77 68 17 3 78 60 34 19 91 26 36 38 95 49 15 32 30 43 50 13 94 96 99 0 63 42 72 2 51 76 65 93 11 41 5 48 20 79 9 80 82 59 98 62 10 29 27 12 83 33 1 89 14 47 75 22 39 25 21 52 92 37 84 88 31 81 6 46 58 45 70 40 4 24 35
TEST 177 ARG:67 90 33 52 69 73 9 55 61 8 31 3 57 24 96 25 92 66 86 76 29 6 93 12 89 83 74 26 70 60 88 49 42 84 82 1 62 35 13 47 98 17 58 75 65 64 10 28 87 68 34 32 11 37 15 36 85 4 78 27 39 45 38 21 7 80 44 95 30 23 71 51 18 56 97 0 2 99 48 22 72 41 46 40 50 59 63 43 79 19 14 5 20 91 53 54 16 81 94 77
TEST 178 ARG:44 16 57 3 66 7 72 70 27 76 93 10 8 26 55 51 4 17 52 85 5 19 34 28 90 37 20 60 68 63 35 95 12 43 56 33 29 83 32 31 53 59 69 23 38 54 67 6 96 49 78 50 73 84 77 99 80 92 74 97 25 65 18 86 82 62 36 2 98 94 75 87 15 21 39 47 64 79 14 24 30 41 11 46 71 40 42 0 61 9 48 13 91 58 89 81 45 1 88 22
TEST 179 ARG:68 25 50 30 78 5 27 79 16 90 97 69 34 12 51 88 3 21 80 0 43 91 31 62 36 99 32 71 13 94 29 15 17 84 38 57 96 85 18 72 75 42 8 26 37 39 6 9 23 11 47 95 4 76 7 40 61 63 33 66 49 20 56 59 19 93 87 45 55 52 67 98 86 2 60 92 48 53 89 46 73 1 77 14 65 10 74 28 41 81 35 58 70 64 44 54 83 22 24 82
TEST 180 ARG:54 6 67 52 30 98 34 64 59 9 33 48 19 72 75 55 35 27 68 2 43 36 85 66 24 23 89 84 45 99 62 57 80 58 4 71 29 61 51 82 46 0 74 11 77 56 8 3 60 87 86 78 32 26 1 93 22 47 70 10 13 79 76 97 25 12 95 90 7 53 28 18 39 20 5 37 38 16 14 88 92 69 21 50 42 15 65 73 31 94 49 40 83 44 91 81 96 63 41 17
TEST 181 ARG:49 13 99 77 35 6 9 76 28 37 97 52 92 71 16 64 33 8 94 83 80 53 42 56 32 72 87 24 50 69 2 66 19 90 47 79 7 5 93 78 62 11 86 57 3 68 30 46 0 26 29 31 51 60 91 36 85 14 44 65 81 96 10 54 18 82 38 75 12 15 43 55 74 23 21 61 98 27 17 89 70 34 88 20 95 41 59 48 39 63 45 25 84 1 22 67 4 40 73 58
TEST 182 ARG:14 99 44 81 88 59 3 63 93 16 34 26 67 2 53 15 95 45 79 57 98 28 25 90 50 72 97 61 12 94 78 5 65 9 49 91 0 41 37 64 39 56 92 77 68 29 17 11 76 7 47 60 4 80 19 40 73 23 86 27 13 48 66 89 43 83 31 58 8 70 54 46 75 20 1 38 51 69 22 52 74 42 82 30 10 85 6 84 33 24 21 36 35 18 55 71 87 32 62 96
TEST 183 ARG:23 33 83 77 82 12 4 19 62 37 92 15 66 67 11 53 48 9 44 94 97 49 61 84 3 58 86 54 91 95 71 56 20 55 64 99 40 70 6 93 30 21 38 57 45 24 79 32 76 50 26 89 63 74 5 68 17 85 59 69 31 7 1 28 14 88 35 52 22 43 41 46 80 18 90 87 81 96 65 75 72 51 10 29 98 34 78 16 73 0 13 39 42 2 27 36 47 60 8 25
TEST 184 ARG:80 55 22 48 18 87 62 13 32 45 25 63 4 68 74 72 83 7 19 64 49 29 84 86 46 85 51 43 47 17 2 6 66 98 81 35 30 27 9 76 97 11 3 79 20 71 12 77 5 67 26 73 39 93 69 56 90 14 94 53 59 95 91 1 40 58 44 21 99 28 60 50 37 24 42 52 70 10 16 89 65 36 8 33 38 75 92 15 57 78 96 54 61 41 0 31 82 34 23 88
TEST 185 ARG:18 89 78 38 79 29 55 87 13 49 53 70 52 80 60 86 25 85 43 9 72 88 69 96 11 27 23 24 77 26 39 8 68 42 75 40 5 74 15 41 33 84 62 6 4 34 51 16 20 57 98 46 30 56 59 71 50 67 95 36 12 45 61 1 37 97 3 63 48 21 22 81 17 83 91 44 82 54 31 93 47 32 92 2 7 58 0 66 76 73 10 35 99 64 94 65 28 90 19 14
TEST 186 ARG:34 91 54 66 33 61 26 87 95 13 62 41 46 22 63 16 97 94 8 12 17 84 98 72 88 93 99 38 56 21 5 92 19 28 49 55 68 20 15 32 75 44 23 53 86 67 25 39 64 90 96 69 78 9 51 65 57 73 89 81 80 42 27 24 79 50 6 52 74 47 71 36 31 3 83 2 4 18 40 60 7 58 45 70 30 35 37 1 43 76 0 85 10 29 77 48 82 11 14 59
TEST 187 ARG:64 28 58 12 75 44 72 65 39 43 89 91 88 46 13 3 2 0 18 27 77 22 47 95 30 90 7 29 62 1 79 49 20 42 32 35 26 69 36 45 97 74 94 11 8 9 60 33 37 14 24 80 10 67 34 54 53 93 83 17 66 73 86 38 21 23 4 48 51 15 16 5 98 19 41 50 57 63 6 31 25 56 55 85 82 87 78 81 96 61 76 70 84 92 71 52 40 59 99 68
TEST 188 ARG:41 18 4 62 71 50 56 46 30 52 37 25 69 49 5 95 92 63 12 15 82 16 35 80 9 75 43 39 94 34 91 23 79 65 47 44 8 76 57 31 26 60 66 0 24 7 93 85 2 90 17 53 73 27 74 42 28 78 67 84 72 55 11 14 36 97 19 81 54 33 99 83 96 38 32 70 21 68 48 45 59 3 87 6 86 20 88 89 40 98 51 1 58 77 13 10 64 22 29 61
TEST 189 ARG:84 26 49 48 57 18 4 78 30 27 38 15 79 59 29 32 61 56 69 12 86 97 83 76 11 52 66 58 41 40 93 44 89 13 70 47 64 33 22 42 10 2 23 34 95 21 31 73 88 72 74 92 20 24 96 8 87 0 50 36 77 9 7 53 14 71 85 39 16 67 82 37 1 45 46 19 91 63 25 81 94 35 5 55 3 75 68 99 90 54 65 6 60 51 62 80 98 28 17 43
TEST 190 ARG:75 80 73 90 10 7 41 16 9 91 43 74 93 84 60 36 69 48 31 4 5 64 14 29 3 28 20 21 78 67 79 1 52 46 95 6 27 19 59 2 30 34 89 37 76 86 63 8 13 26 62 53 87 85 58 72 44 15 42 33 38 23 18 70 35 57 0 24 17 81 12 96 49 22 61 45 11 50 51 55 77 25 83 47 71 88 99 92 32 40 56 39 94 66 65 68 54 98 82 97
TEST 191 ARG:91 64 81 41 55 37 0 16 79 63 21 42 31 2 47 67 89 56 12 52 45 28 86 40 72 33 87 78 68 51 35 22 95 85 53 32 66 8 7 50 24 96 11 97 62 61 75 3 84 82 70 14 88 34 98 1 90 19 44 13 77 4 25 23 9 30 92 59 18 80 39 58 99 49 27 83 54 94 76 5 73 48 69 38 10 17 36 6 74 65 15 93 71 57 46 20 60 43 29 26
TEST 192 ARG:84 93 24 30 51 1 98 83 82 67 88 32 5 3 85 2 71 64 10 75 60 47 91 43 18 31 19 44 61 33 90 6 16 53 56 55 40 58 52 21 94 50 79 38 68 62 46 25 77 15 72 66 37 20 96 87 57 7 14 11 73 12 26 63 39 23 28 48 99 0 95 34 45 17 4 54 42 86 41 89 49 97 74 92 9 59 27 13 8 76 36 70 80 29 65 69 35 81 78 22
TEST 193 ARG:65 95 38 60 61 93 56 25 34 88 62 44 10 94 73 27 28 77 87 99 17 40 45 12 69 97 24 82 55 37 47 89 5 22 6 66 86 91 76 2 98 84 3 43 63 79 19 20 41 81 75 64 83 26 68 4 58 72 70 13 80 48 18 52 7 9 30 54 96 74 53 1 29 11 42 71 59 67 78 8 14 36 23 33 51 50 57 0 92 21 39 90 85 15 16 49 46 35 32 31
TEST 194 ARG:44 40 73 61 42 76 43 27 12 17 91 29 93 18 48 95 94 85 81 4 59 26 28 9 45 8 77 98 38 3 1 47 6 70 30 5 87 20 80 10 53 0 71 15 39 54 92 65 19 2 82 50 79 89 99 55 14 21 86 96 84 64 97 24 35 58 31 46 69 74 36 13 7 33 62 51 37 72 23 90 34 52 63 68 83 67 49 75 11 25 60 56 22 57 88 32 41 78 16 66
TEST 195 ARG:93 62 78 65 68 3 63 95 32 7 16 9 2 28 81 6 54 4 73 27 38 84 97 51 79 21 37 74 56 25 70 30 85 22 55 12 23 11 91 46 34 76 29 44 64 94 58 98 99 17 86 20 48 24 40 80 61 36 88 67 69 14 43 33 66 53 52 26 71 75 39 13 45 59 96 1 41 49 42 19 77 82 5 92 10 90 60 83 15 35 87 0 89 18 72 47 8 31 50 57
TEST 196 ARG:77 90 33 16 40 5 41 56 38 97 64 96 10 54 25 84 9 8 59 6 61 23 73 85 78 91 45 35 48 74 98 12 42 19 28 26 50 71 4 21 63 0 86 27 53 44 68 37 14 47 46 11 95 76 93 34 36 80 1 17 81 82 22 32 70 67 89 83 58 69 2 29 24 94 51 39 62 79 72 7 66 20 92 31 52 60 15 3 87 55 99 65 49 18 13 88 43 30 75 57
TEST 197 ARG:4 47 32 42 35 7 87 61 29 3 77 73 89 39 54 64 85 51 23 71 92 79 14 33 12 63 93 91 46 5 18 43 75 17 36 0 10 68 96 95 74 62 76 13 52 11 56 24 34 80 21 27 53 66 8 6 99 19 86 40 65 38 28 37 88 20 90 60 72 59 84 50 98 78 26 22 48 97 83 69 1 67 30 15 41 70 49 31 94 9 58 44 57 45 81 2 16 55 82 25
TEST 198 ARG:2 43 38 56 7 30 28 4 50 79 41 61 65 62 18 82 26 71 72 75 32 96 45 69 9 90 49 88 76 0 3 51 78 25 97 94 52 54 39 33 84 77 15 27 87 10 81 17 36 85 98 16 83 1 92 99 5 95 57 63 70 21 34 35 86 29 13 58 6 24 12 44 48 53 40 91 14 37 19 11 8 67 23 47 31 66 55 20 68 89 93 74 80 22 46 60 42 59 64 73
TEST 199 ARG:61 26 78 91 89 24 66 50 97 18 39 76 59 2 86 3 12 46 94 10 33 68 38 45 85 82 14 58 42 55 34 65 43 95 15 11 25 83 79 13 74 64 1 88 62 20 60 17 30 4 22 75 9 31 96 84 40 67 63 48 56 21 28 23 93 98 37 77 69 49 57 41 16 5 81 7 36 44 32 27 47 73 99 90 92 53 71 51 72 70 19 29 8 87 6 52 54 80 35 0
TEST 200 ARG:51 20 59 67 32 8 56 63 54 60 96 73 17 37 12 75 99 13 14 45 16 43 80 23 66 3 89 7 33 2 49 27 52 11 39 81 92 87 77 15 64 53 18 83 50 65 74 26 46 22 58 70 62 36 72 47 98 57 41 69 78 68 90 0 79 97 34 94 71 91 61 35 1 84 55 31 44 38 88 82 85 28 29 76 6 25 24 95 5 42 40 10 93 86 21 19 4 9 30 48
TEST 201 ARG:46 9 97 70 40 79 20 78 42 87 95 17 60 34 56 18 43 74 71 76 6 1 84 33 64 22 93 48 54 63 77 27 44 5 25 21 8 90 37 45 81 85 7 57 19 68 2 16 12 31 82 30 99 75 47 52 96 91 49 58 32 92 88 0 73 89 3 24 67 41 72 11 10 94 36 86 59 53 80 15 13 28 29 26 50 66 51 4 23 62 55 14 39 38 61 83 69 65 35 98
Multiple size <= 500
TEST 1 ARG:108 -140 -90 -154 57 176 96 -176 52 -236 -60 -97 40 -65 226 149 -145 -149 -94 89 60 -233 79 50 208 232 46 -160 128 134 -37 221 83 -153 -34 -51 -221 -183 78 118 -15 -75 -116 -135 -61 222 137 219 -246 189 -164 -7 -170 242 31 132 -130 -14 22 -169 -209 218 240 -89 -212 29 212 14 -3 47 178 82 -151 -2 -214 152 153 111 -242 94 90 93 151 -187 9 -159 -239 224 -119 -217 -196 170 -218 -87 185 -101 -124 147 200 51 107 -171 30 181 -234 -66 159 71 184 64 17 129 136 -240 -86 85 165 -156 -110 -83 -46 236 142 -64 131 141 20 -10 -198 188 -47 -213 175 -146 -11 -98 204 -22 0 -19 -69 -103 43 148 166 -117 -30 -250 99 -191 193 245 16 120 225 66 -229 138 234 215 -50 -226 91 -68 -199 -58 207 -181 56 4 -238 229 144 73 84 -141 -112 -54 -166 -177 76 -219 97 -131 19 112 -20 -31 -93 44 -23 121 27 187 -48 -1 231 -24 154 2 -133 113 -109 7 180 -189 -128 194 -210 167 190 -148 33 3 -123 -52 -76 -134 -248 182 203 169 164 63 -106 -28 209 239 -41 -222 -121 -179 -77 214 -55 -26 75 -167 220 -244 -163 157 -8 115 70 124 -216 160 -108 88 42 -99 -175 -173 195 -73 5 156 -113 -67 206 45 -53 18 -178 35 -138 -9 -4 -127 -215 -228 -200 -12 246 -125 -59 -220 87 -71 86 -21 110 61 -205 155 53 -184 -188 -72 -91 103 -38 168 -17 -174 -120 -157 -13 -142 241 -249 -132 -122 15 -95 158 123 48 140 235 -80 -62 150 -74 38 -100 55 161 10 26 179 34 59 100 -78 125 39 -245 62 -129 -35 197 238 171 25 -136 -190 102 116 -237 119 -194 24 191 -172 183 -247 130 -49 233 -44 -204 -39 95 -16 -6 -92 -193 -197 101 67 237 -155 -29 199 92 28 -180 192 211 249 21 223 127 -223 -143 -158 133 -118 105 -57 58 -201 -165 -111 80 122 -195 -107 12 -208 244 -230 -85 -206 114 -207 81 162 -147 117 186 -36 -102 -235 163 36 -33 69 -82 201 72 139 230 -243 13 65 205 126 145 -224 198 -211 243 74 202 -32 -139 -40 -105 -225 68 -42 49 98 -144 248 8 247 -96 -232 135 -241 -186 -63 172 6 174 32 -227 -70 -5 -150 11 -115 146 196 -27 109 -161 23 -18 -192 41 213 -43 37 1 173 -84 -126 -25 77 -104 -56 -168 -114 -88 -137 228 -203 216 143 -152 -185 227 210 -231 -79 -81 104 177 -162 217 -45 -182 106 54 -202
TEST 2 ARG:56 -14 -238 10 207 54 -155 116 -173 -184 -7 -219 -205 -201 -30 -141 -11 -105 -178 6 -24 67 185 -189 99 8 -202 -204 -233 -72 171 -102 52 -152 48 -211 -140 -3 -36 -108 -48 -243 -32 -245 -134 -162 27 126 94 75 140 -139 73 -209 193 206 -113 174 -69 -43 72 -96 -61 78 215 133 43 110 -53 -136 -62 -93 -92 195 -148 -56 210 128 -180 -121 217 169 243 229 104 -17 -114 -196 -154 -179 164 -41 -169 84 151 -151 31 -153 98 -103 -40 -145 -229 83 34 149 117 -132 198 -207 40 121 47 -75 -237 -159 136 109 233 -127 155 -198 -10 208 -249 -135 141 225 -26 25 85 -13 205 187 -248 -149 -12 -170 -99 69 -183 214 114 -64 105 196 96 -110 -224 57 234 232 138 -20 -67 -235 230 -218 236 120 -217 -215 -165 -9 -133 -21 213 -120 157 -236 -80 108 -128 77 154 224 122 -88 -104 -158 71 33 -144 194 -216 -107 14 137 -176 -84 -166 7 101 244 166 66 216 124 -118 63 -197 -150 -161 249 -74 190 -68 37 22 160 178 168 -222 204 -206 21 148 29 -58 -49 60 4 46 36 -81 81 -146 -129 -106 89 220 247 80 58 12 -66 50 188 -117 189 -78 -97 -227 11 -220 192 -39 -47 -175 180 28 -6 100 131 183 172 142 241 170 61 -186 -71 -240 -182 76 2 135 -194 -109 -163 240 -191 144 93 70 3 -79 -111 134 -18 -5 35 91 -95 -213 -223 95 246 65 242 -167 -214 74 -73 -86 -225 218 239 -29 -242 123 -212 113 201 139 -210 -15 -239 212 -171 -44 226 38 -230 102 186 -126 18 125 115 -98 111 163 181 222 -246 -50 5 -89 -177 41 165 -192 45 -181 -131 -250 -231 -244 -2 -85 -100 159 153 -112 -70 -28 97 -234 228 -59 32 177 88 106 199 -37 150 200 182 -115 -65 -63 119 -130 -122 -38 143 -124 -187 211 202 -90 203 -142 -174 79 -138 103 248 -34 44 -33 49 -199 -164 227 231 87 51 152 -1 -123 175 17 162 16 -4 197 127 -55 -54 156 -190 -143 82 -8 -57 -23 -60 184 -195 -232 -193 -119 59 237 -188 -87 145 -172 19 191 -51 30 55 -22 -228 0 -221 -137 179 -200 221 -241 118 147 90 -94 130 -42 -46 23 20 -185 62 129 -27 -76 -16 -203 161 68 146 39 -101 158 219 92 107 -52 -147 1 -35 -208 235 86 176 -156 -247 64 -226 15 209 -77 -83 -82 -157 -31 42 132 -168 238 9 112 167 -116 245 -45 53 -160 -91 -19 -125 173 -25 24 26 13 223
